1.280000000000000061e-02
2.380000000000000171e-02
1.127999999999999975e-01
5.580000000000000238e-02
4.780000000000000221e-02
5.380000000000000060e-02
5.360000000000000181e-02
1.480000000000000066e-02
1.980000000000000163e-02
2.359999999999999945e-02
2.500000000000000139e-02
2.440000000000000155e-02
1.195999999999999980e-01
1.540000000000000049e-02
2.340000000000000066e-02
1.940000000000000058e-02
1.179999999999999973e-02
7.199999999999999803e-03
2.939999999999999905e-02
1.400000000000000133e-01
1.540000000000000049e-02
1.499999999999999944e-02
1.959999999999999937e-02
1.048000000000000043e-01
1.099999999999999936e-02
