7.054415863297848477e-02
2.942385891168273343e-02
4.267373326632247638e-02
3.065746790332160576e-02
2.741353314753049771e-03
4.212546260337186182e-02
1.416365879289075737e-03
4.568922191255082952e-04
1.028007493032393610e-02
1.201626536300086888e-02
3.792205418741718698e-03
4.112029972129574440e-03
4.888746744642938694e-03
9.594736601635674416e-04
1.932654086900899987e-02
6.396491067757115699e-03
6.652350710467400119e-02
9.868871933110978656e-03
1.005162882076118293e-03
2.819024992004386110e-02
4.980125188468039962e-03
2.110842052359848328e-02
1.005162882076118293e-03
3.106867090053456581e-03
5.437017407593548908e-03
4.843057522730388059e-03
4.340476081692328479e-03
1.041714259606158974e-02
9.183533604422717406e-03
3.929273084479371035e-03
3.554621464796454272e-02
7.310275506008132940e-04
5.574085073331200811e-03
1.050852103988669101e-02
7.136656462740439966e-02
9.229222826335268040e-03
1.050852103988669144e-03
3.655137753004066362e-03
7.652944670352264389e-02
3.700826974916616996e-03
8.543884497647005055e-03
3.655137753004066470e-04
6.990450952620276548e-03
7.127518618357929318e-03
2.467217983277744664e-03
2.019463608534746712e-02
6.122355736281811026e-03
6.396491067757115916e-04
1.416365879289075737e-03
4.888746744642938694e-03
4.696852012610225335e-02
1.416365879289075737e-03
6.396491067757115916e-04
5.939598848631607621e-03
6.350801845844565065e-03
1.050852103988669144e-03
4.386165303604879981e-03
5.391328185680998274e-03
3.828756796271759466e-02
1.009731804267373356e-02
1.247315758212637696e-02
2.924110202403253176e-03
3.367295654954995804e-02
2.220496184949970198e-02
2.247909718097500925e-02
7.264586284095582089e-03
8.224059944259148880e-04
4.660300635080184654e-03
1.781879654589482330e-03
2.713939781605519130e-02
1.416365879289075737e-03
6.396491067757115916e-04
4.249097637867227210e-03
1.050852103988669144e-03
4.294786859779777845e-03
