8.047731372276952996e-03
8.130983765783265926e-02
8.699875121409740564e-02
2.386568613847648082e-02
4.717635632024421051e-03
2.358817816012210525e-03
7.242958235049257176e-02
7.284584431802414162e-02
1.803801859303455057e-03
4.301373664492853799e-03
5.966421534619120205e-03
3.052587761898154645e-03
4.578881642847231967e-03
4.856389621201609268e-03
1.803801859303455057e-03
5.688913556264742905e-03
2.455945608436242711e-02
3.052587761898154645e-03
4.995143610378798352e-03
1.387539891771888455e-03
3.191341751075343295e-03
6.660191480505064758e-03
1.942555848480643924e-03
1.470792285278201689e-02
9.157763285694463934e-03
1.803801859303455057e-03
4.856389621201609268e-03
1.193284306923824041e-02
2.636325794366587826e-03
1.942555848480643924e-03
5.411405577910364736e-03
2.358817816012210525e-03
7.908977383099764780e-03
3.191341751075343295e-03
1.720549465797141520e-02
4.023865686138476498e-03
3.468849729429721029e-03
1.234910503676980680e-02
3.885111696961287848e-03
1.221035104759261858e-02
6.660191480505064758e-03
1.248785902594699588e-03
1.040654918828916309e-02
5.966421534619120205e-03
2.483696406271680354e-02
1.110031913417510721e-03
8.186485361454141213e-03
5.827667545441931121e-03
4.995143610378798352e-03
9.019009296517275717e-03
5.272651588733175652e-03
2.081309837657832791e-03
2.220063826835021528e-02
8.463993339808519381e-03
1.803801859303455057e-03
2.358817816012210439e-02
2.636325794366587826e-03
3.052587761898154645e-03
5.411405577910364736e-03
3.052587761898154645e-03
5.966421534619120205e-03
2.275565422505897162e-02
4.440127653670042883e-03
5.688913556264742905e-03
6.105175523796309289e-03
2.317191619259053800e-02
5.966421534619120205e-03
2.358817816012210439e-02
4.023865686138476498e-03
2.358817816012210525e-03
2.317191619259053800e-02
1.248785902594699588e-03
2.497571805189399176e-03
3.038712362980435649e-02
2.913833772720965561e-03
3.052587761898154645e-03
3.330095740252532379e-03
1.665047870126266190e-03
2.913833772720965561e-03
2.913833772720965561e-03
1.456916886360482867e-02
3.052587761898154645e-03
1.803801859303455057e-03
1.110031913417510764e-02
6.798945469682252975e-03
3.052587761898154645e-03
4.578881642847231967e-03
8.463993339808519381e-03
6.937699458859442059e-03
1.665047870126266190e-03
5.272651588733175652e-03
2.317191619259053800e-02
4.856389621201609268e-03
3.468849729429721029e-03
1.526293880949077322e-03
1.942555848480643924e-03
5.133897599555987436e-03
3.191341751075343295e-03
2.636325794366587826e-03
3.330095740252532379e-03
