7.799999999999999642e-03
6.360000000000000375e-02
2.580000000000000002e-02
5.539999999999999786e-02
2.594000000000000195e-01
5.279999999999999971e-02
4.000000000000000083e-02
1.460000000000000013e-02
2.520000000000000018e-02
1.799999999999999864e-02
1.379999999999999977e-02
1.580000000000000154e-02
2.060000000000000026e-02
2.779999999999999832e-02
2.719999999999999848e-02
1.619999999999999912e-02
1.359999999999999924e-02
4.519999999999999712e-02
5.799999999999999600e-03
1.766000000000000070e-01
8.600000000000000006e-03
1.260000000000000009e-02
5.199999999999999761e-03
2.380000000000000171e-02
2.460000000000000034e-02
