3.567968620779282066e-03
6.261666784811322634e-03
2.861463576002457390e-02
5.316509534273764631e-03
2.235296897521325127e-02
2.629900049620755714e-02
4.631270527634035253e-03
1.798161669147704464e-02
3.119018926773942189e-03
4.855745374636705192e-02
3.095389995510503065e-03
6.805132203870419005e-03
1.672928333451478150e-02
6.308924647338200881e-03
7.750289454407977008e-03
5.032962359112497751e-03
4.064176177311500625e-03
5.009333427849058627e-03
1.991918905507903889e-02
5.363767396800642878e-03
6.049006403440372256e-03
9.475201436639020883e-03
9.924151130644360760e-03
1.219252853193450101e-02
6.096264265967250504e-03
3.142647858037380879e-03
2.622811370241724064e-03
6.710616478816663379e-03
7.324968691666076254e-03
3.449823964462087316e-03
8.931736017579924511e-03
1.521703173365468627e-02
8.648188842418656763e-03
4.371352283736206629e-03
6.545213959972590381e-03
4.725786252687790880e-03
1.928120791096618603e-02
9.451572505375581759e-03
4.099619574206658790e-02
1.294865433236454776e-02
1.391744051416554488e-02
9.640603955483093013e-03
2.339264195080456316e-03
1.623307577798256338e-02
6.403440372391956507e-03
2.339264195080456316e-03
3.520710758252404253e-03
2.310909477564329628e-02
2.455045958271307241e-02
6.167151059757567007e-03
1.162543418161196551e-02
6.096264265967250504e-03
9.262541055268070506e-03
8.411899529784267263e-03
8.010207698305805632e-03
4.182320833628695375e-03
9.971408993171239007e-03
1.155454738782164814e-02
3.048132132983625252e-03
4.158691902365256252e-03
9.097138536423998376e-03
2.088797523688003602e-02
1.004229578696155638e-02
1.120011341887006476e-02
9.144396398950874888e-03
1.821790600411143241e-02
7.797547316934855255e-03
6.568842891236029505e-03
1.223978639446137925e-02
1.899766073580492001e-02
7.230452966612319760e-03
7.915691973252049138e-03
7.277710829139198007e-03
9.380685711585264389e-03
2.067531485550908391e-02
8.459157392311145510e-03
3.686113277096476817e-03
5.789088159542543632e-03
1.283050967604735214e-02
3.520710758252404253e-03
5.907232815859738383e-03
5.103849152902813907e-02
5.647314571961909759e-03
2.693698164032041001e-03
5.127478084166253378e-03
2.166772996857352016e-02
2.528295645187968003e-03
6.805132203870419005e-03
5.789088159542543632e-03
3.709742208359915940e-03
2.859100682876113565e-03
6.545213959972590381e-03
2.551924576451407127e-03
3.497081826988965129e-03
1.913943432338555345e-03
8.081094492096123003e-03
4.229578696155572755e-03
3.355308239408331689e-03
3.804257933413671567e-03
1.186172349424635501e-02
