1.000000000000000021e-02
2.380000000000000171e-02
8.999999999999999667e-02
3.839999999999999664e-02
3.599999999999999728e-02
3.719999999999999696e-02
3.180000000000000188e-02
7.000000000000000146e-03
1.420000000000000082e-02
7.000000000000000146e-03
8.600000000000000006e-03
4.000000000000000083e-03
1.400000000000000029e-02
1.179999999999999973e-02
6.099999999999999867e-02
6.599999999999999964e-03
3.799999999999999992e-03
8.800000000000000530e-03
9.199999999999999845e-03
1.600000000000000033e-02
3.799999999999999992e-03
8.999999999999999320e-03
7.000000000000000146e-03
5.799999999999999600e-03
1.060000000000000005e-02
1.159999999999999920e-02
7.939999999999999836e-02
7.000000000000000146e-03
7.599999999999999985e-03
8.600000000000000006e-03
7.799999999999999642e-03
2.620000000000000107e-02
8.800000000000000530e-03
8.920000000000000151e-02
2.779999999999999832e-02
4.619999999999999801e-02
4.400000000000000265e-03
1.000000000000000021e-02
2.419999999999999929e-02
2.799999999999999972e-03
1.060000000000000005e-02
5.000000000000000104e-03
3.020000000000000115e-02
3.799999999999999992e-03
5.340000000000000302e-02
2.399999999999999790e-03
4.400000000000000265e-03
9.199999999999999845e-03
3.960000000000000325e-02
4.400000000000000265e-03
