3.665045664808445208e-02
1.648677499703475255e-02
1.017672873917684767e-01
1.874036294626971882e-02
3.605740718775946041e-02
3.190606096548451870e-02
3.676906654014944816e-03
2.087534100343968815e-02
1.174237931443482437e-02
2.123117067963468246e-02
3.392242913058949455e-02
1.802870359387973020e-02
2.336614873680464832e-02
7.235203415964891818e-03
1.850314316213972146e-02
3.202467085754951825e-03
1.909619262246471313e-02
1.707982445735974422e-02
7.116593523899893137e-03
7.591033092159886128e-03
1.043767050171984408e-02
7.709642984224883942e-03
4.222512157513936409e-02
1.458901672399478058e-02
5.574664927054916348e-03
5.693274819119915030e-03
9.607401257264855041e-03
9.488791365199858094e-03
3.842960502905942016e-02
6.986122642628395107e-02
1.731704424148974159e-02
3.095718182896453619e-02
5.337445142924919853e-03
2.526390700984462029e-02
1.328430791127980029e-02
3.439686869884948320e-03
4.507175898469932551e-03
5.989799549282410346e-02
9.844621041394852404e-03
1.719843434942474117e-02
6.760763847704898827e-03
5.337445142924919853e-03
1.280986834301980730e-02
2.111256078756968205e-02
1.233542877475981431e-02
9.726011149329853722e-03
3.736211600047444070e-02
8.184082552484877801e-03
1.577511564464476393e-02
1.565650575257976351e-02
