5.400000000000000286e-03
1.700000000000000122e-02
2.120000000000000009e-02
2.860000000000000042e-02
8.880000000000000393e-02
1.619999999999999912e-02
2.639999999999999986e-02
5.799999999999999600e-03
5.599999999999999943e-03
2.000000000000000042e-03
2.599999999999999881e-03
1.039999999999999952e-02
1.600000000000000077e-03
5.599999999999999943e-03
8.399999999999999481e-03
6.400000000000000307e-03
6.180000000000000077e-02
3.200000000000000153e-03
1.399999999999999986e-03
3.599999999999999901e-03
5.199999999999999761e-03
1.640000000000000138e-02
8.200000000000000691e-03
3.000000000000000062e-03
4.000000000000000083e-03
5.199999999999999761e-03
1.480000000000000066e-02
8.399999999999999481e-03
1.340000000000000045e-02
1.099999999999999936e-02
8.399999999999999481e-03
4.599999999999999922e-03
2.659999999999999865e-02
1.080000000000000057e-02
3.799999999999999992e-03
6.160000000000000198e-02
1.799999999999999951e-03
1.559999999999999928e-02
4.400000000000000265e-03
8.200000000000000691e-03
4.460000000000000075e-02
7.199999999999999803e-03
4.400000000000000265e-03
3.180000000000000188e-02
2.399999999999999790e-03
1.099999999999999936e-02
6.500000000000000222e-02
2.079999999999999905e-02
2.220000000000000098e-02
4.599999999999999922e-03
3.339999999999999913e-02
6.000000000000000125e-03
2.000000000000000042e-03
8.000000000000000167e-03
1.000000000000000021e-02
3.200000000000000153e-03
4.400000000000000265e-03
2.259999999999999856e-02
1.799999999999999951e-03
5.400000000000000286e-03
4.599999999999999922e-03
4.199999999999999740e-03
3.599999999999999901e-03
2.000000000000000042e-03
2.799999999999999972e-03
6.000000000000000125e-03
5.000000000000000278e-02
3.399999999999999811e-03
1.200000000000000025e-02
4.400000000000000265e-03
3.200000000000000153e-03
1.839999999999999969e-02
7.599999999999999985e-03
6.599999999999999964e-03
3.000000000000000062e-03
