7.492715415568197528e-03
3.496600527265159020e-02
9.393645067295684770e-02
8.908006105175524103e-02
6.105175523796309289e-03
2.081309837657832791e-03
7.825724989593450809e-02
7.256833633966976171e-02
5.688913556264742905e-03
3.468849729429721029e-03
4.440127653670042883e-03
9.712779242403218535e-03
2.636325794366587826e-03
3.468849729429721029e-03
7.492715415568197528e-03
1.262661301512418496e-02
2.691827390037463547e-02
5.550159567087553820e-03
1.512418482031358327e-02
1.554044678784515139e-02
4.717635632024421051e-03
7.631469404745386612e-03
1.803801859303455057e-03
9.435271264048842102e-03
1.803801859303455057e-03
4.995143610378798352e-03
3.843485500208131123e-02
2.580824198695712626e-02
7.908977383099764780e-03
3.607603718606910113e-03
4.440127653670042883e-03
5.688913556264742905e-03
9.157763285694463934e-03
4.995143610378798352e-03
2.775079783543776910e-03
6.382683502150686590e-03
9.296517274871652151e-03
3.746357707784098764e-03
2.025808241986956984e-02
4.995143610378798352e-03
5.272651588733175652e-03
4.301373664492853799e-03
2.830581379214652457e-02
2.081309837657832791e-03
2.775079783543776910e-03
3.330095740252532379e-03
6.243929512973498373e-03
3.191341751075343295e-03
1.068405716664354126e-02
4.578881642847231967e-03
1.956431247398362702e-02
6.243929512973498373e-03
5.688913556264742905e-03
3.205217149993062203e-02
5.550159567087553820e-03
4.856389621201609268e-03
3.607603718606910113e-03
4.578881642847231967e-03
1.984182045233800346e-02
2.566948799777993631e-02
1.248785902594699588e-03
5.133897599555987436e-03
3.468849729429721029e-03
3.052587761898154645e-03
1.373664492854169590e-02
3.607603718606910113e-03
5.966421534619120205e-03
9.435271264048842102e-03
2.664076592202025903e-02
7.631469404745386612e-03
1.914805050645206064e-02
5.272651588733175652e-03
2.358817816012210525e-03
7.631469404745386612e-03
1.221035104759261858e-02
