7.215207437213820227e-03
1.207159705841542863e-02
9.046760094352712667e-02
8.630498126821145588e-02
4.578881642847231967e-03
2.497571805189399176e-03
7.340086027473290142e-02
7.229082836131538181e-02
4.995143610378798352e-03
4.440127653670042883e-03
5.688913556264742905e-03
1.942555848480643924e-03
8.186485361454141213e-03
3.052587761898154645e-03
8.325239350631331164e-03
3.427223532676564738e-02
4.856389621201609268e-03
2.178437630081864890e-02
1.651172471208547238e-02
9.296517274871652151e-03
6.660191480505064758e-03
1.637297072290828243e-02
4.162619675315665582e-03
9.296517274871652151e-03
1.803801859303455057e-03
4.717635632024421051e-03
5.272651588733175652e-03
2.220063826835021441e-03
1.665047870126266233e-02
7.770223393922575696e-03
5.688913556264742905e-03
4.301373664492853799e-03
3.330095740252532379e-03
1.942555848480643924e-03
5.411405577910364736e-03
8.325239350631331164e-03
6.105175523796309289e-03
1.082281115582072947e-02
2.233939225752740523e-02
1.262661301512418496e-02
9.574025253226030319e-03
3.996114888303038681e-02
4.440127653670042883e-03
3.468849729429721029e-03
2.913833772720965561e-03
5.272651588733175652e-03
6.382683502150686590e-03
3.746357707784098764e-03
1.665047870126266190e-03
7.908977383099764780e-03
2.525322603024836993e-02
2.442070209518523716e-02
2.067434438740113622e-02
8.880255307340085766e-03
6.660191480505064758e-03
2.455945608436242711e-02
6.243929512973498373e-03
2.358817816012210439e-02
2.636325794366587826e-03
1.054530317746635130e-02
1.137782711252948581e-02
6.660191480505064758e-03
1.318162897183293956e-02
4.301373664492853799e-03
2.775079783543776910e-03
3.607603718606910113e-03
2.067434438740113622e-02
4.995143610378798352e-03
3.885111696961287848e-03
6.105175523796309289e-03
2.233939225752740523e-02
4.856389621201609268e-03
1.026779519911197487e-02
6.382683502150686590e-03
1.179408908006105219e-02
