1.577648832640380083e-01
6.725453465527482522e-02
6.597523644172340052e-02
7.164069995887969999e-02
7.858546168958742070e-03
7.337689039155663451e-02
6.533558733494768470e-03
1.119385936857495399e-02
2.179375885228674453e-02
2.640837026545437768e-02
2.389546306026408412e-02
2.448942294512724410e-02
2.147393429889888922e-03
1.804724265545757864e-02
1.973774386622195731e-02
1.717914743911911138e-02
1.798784666697126056e-01
1.873258098414584032e-03
3.888152784758075464e-02
5.135468542970713507e-02
5.263398364325855283e-02
2.384977383835153175e-02
1.146799470005025780e-02
2.056014986064787220e-03
2.270754329053776069e-02
