2.247814624670459172e-02
1.484667684195920545e-01
1.075343416123213519e-01
9.782156236991813858e-02
8.463993339808519381e-03
1.179408908006105219e-02
9.130012487859026638e-02
9.088386291105869652e-02
1.581795476619952956e-02
1.276536700430137318e-02
9.851533231580408487e-03
2.775079783543776824e-02
9.712779242403218535e-03
8.741501318162897549e-03
2.372693214929929087e-02
3.246843346746219189e-02
1.010129041209934797e-01
2.344942417094491444e-02
3.232967947828500194e-02
3.246843346746219189e-02
1.470792285278201689e-02
3.482725128347440025e-02
5.133897599555987436e-03
2.858332177050090100e-02
7.908977383099764780e-03
