1.593640060309772788e-01
6.720884543336226591e-02
6.465024900625941651e-02
6.762004843057522509e-03
7.255448439713071962e-02
5.829944716041485925e-02
5.665463517156302947e-03
2.558596427102846366e-03
2.407821994791428666e-02
1.037145337414903910e-02
2.755060081326814875e-02
1.242746836021382632e-02
1.736190432676931392e-02
2.380408461643898285e-02
2.946954813359528580e-02
1.388952346141545183e-02
1.809293187737012754e-01
2.851007447343171727e-02
7.173207840270479953e-03
4.975556266276785072e-02
3.984100150774431970e-02
2.549458582720336153e-02
4.943573810937999802e-02
9.960250376936079925e-03
1.288436057933933440e-02
