3.136566087447462386e-03
1.756477008970579049e-03
1.819208330719528262e-03
1.593375572423310835e-02
2.885640800451665534e-03
8.217803149112351893e-03
2.810363214352926478e-02
2.634715513455868682e-03
3.136566087447462386e-03
4.014804591932752235e-03
2.346151433410701911e-02
1.631014365472680666e-02
8.405997114359199315e-03
1.631014365472680406e-03
3.889341948434853376e-03
4.140267235430650228e-03
3.136566087447462386e-03
7.295652719402798136e-02
6.586788783639671054e-03
1.944670974217426688e-03
3.324760052694310242e-03
1.141710055830876328e-02
4.453923844175396510e-03
1.461639796750517466e-02
3.701147983188005954e-03
2.258327582962172970e-03
1.881939652468477475e-03
8.405997114359199315e-03
1.380089078476883554e-03
1.850573991594002890e-02
3.011103443949563960e-03
3.638416661439056524e-03
2.195596261213223974e-03
3.889341948434853376e-03
1.367542814127093581e-02
8.970579010099743317e-03
2.509252869957969822e-03
1.129163791481086485e-03
4.014804591932752235e-03
2.571984191706919252e-03
2.502979737783075226e-02
3.211843673546201788e-02
2.578257323881814195e-02
5.206699705162787933e-03
9.033310331848691879e-03
6.147669531397026779e-03
7.339564644627062477e-03
1.336177153252618953e-02
2.760178156953767108e-03
9.158772975346590739e-03
5.231792233862367358e-02
2.760178156953767108e-03
3.299667523994730817e-02
1.756477008970579049e-03
3.199297409196411816e-03
3.763879304936954950e-03
9.158772975346590739e-03
4.140267235430650228e-03
1.819208330719528262e-03
1.863120255943792603e-02
1.066432469732137185e-02
2.960918386550404763e-02
2.321058904711122400e-03
4.579386487673295369e-03
2.697446835204817678e-03
4.830311774669092222e-03
2.697446835204817678e-03
2.697446835204817678e-03
1.881939652468477475e-03
3.701147983188005954e-03
7.841415218618657049e-03
2.540618530832444710e-02
5.583087635656483645e-03
1.568283043723731193e-03
3.719967379712690869e-02
9.096041653597640442e-03
6.398594818392823631e-03
2.258327582962172970e-03
2.195596261213223974e-03
3.763879304936954950e-03
3.952073270183802806e-03
3.199297409196411816e-03
3.795244965811429838e-02
4.328461200677498517e-03
4.297095539803023889e-02
2.007402295966376118e-03
3.575685339690107094e-03
4.171632896305125376e-02
1.693745687221629836e-03
2.132864939464274544e-03
2.571984191706919252e-03
1.631014365472680406e-03
1.442820400225832767e-03
3.857976287560378748e-02
1.932124709867636889e-02
5.269431026911737363e-03
2.195596261213223974e-03
1.900759048993162434e-02
1.756477008970579049e-03
1.568283043723731193e-03
