1.587243569242015873e-01
6.752866998675012555e-02
6.643212866084891033e-02
7.232603828756796471e-02
6.990450952620276548e-03
5.921323159866587194e-02
1.644811988851829776e-03
5.802531182893955718e-03
2.604285649015397261e-02
2.576872115867866880e-02
1.370676657376524929e-02
1.553433545026728160e-02
9.686115045460776118e-03
1.914378398135879733e-02
3.243934755791108571e-02
1.805181157764883249e-01
3.623155297665280744e-02
3.563759309178964659e-03
2.946954813359528580e-02
4.893315666834193584e-02
5.117192854205692559e-02
2.421528761365194030e-02
9.366290492072919943e-03
1.224471147256362205e-02
2.330150317540092414e-02
