1.795283115464691576e-02
2.262875866070514219e-02
4.634970476808081968e-02
4.242465613160859017e-02
3.819242977576026155e-02
2.764599474384791394e-02
6.007030956687941375e-02
1.645107341547493232e-02
2.914775248301989738e-02
1.491518481859449054e-02
6.385883477251783069e-02
7.621420526297825737e-02
3.682719546742209416e-02
7.034369773712413620e-02
5.163998771289122353e-02
6.232294617563739064e-02
6.945629543670432671e-02
2.525683470425611754e-02
3.733915833304891213e-02
2.518857298883921125e-02
3.696371889825591367e-02
1.849892487798218341e-02
1.826000887402300446e-02
4.914843510017406769e-02
4.290248813952694806e-02
