1.791870029693846261e-02
2.754360217072255104e-02
3.628110174408682997e-02
4.737363049933444870e-02
3.324345540803440302e-02
1.443735281067613264e-02
1.382299737192395697e-02
2.969384620635516503e-02
6.078705757875695753e-02
5.321000716748011672e-02
7.996859961090822810e-02
2.218505751049523744e-02
9.130004437011501883e-02
7.106044574900166610e-02
2.658793815488583179e-02
3.764633605242499736e-02
6.515580736543909179e-02
3.966005665722379531e-02
3.846547663742790057e-02
7.744291614048261219e-02
3.829482234888562792e-02
2.273115123383050509e-02
1.051230417420389793e-02
2.624662957780128994e-02
1.843066316256527365e-02
