3.136566087447462386e-03
2.070133617715325114e-03
1.819208330719528262e-03
4.830311774669092395e-02
3.236936202245781213e-02
2.446521548209020826e-03
4.453923844175396510e-03
3.964619534533592865e-02
3.324760052694310242e-03
1.461639796750517466e-02
2.383790226460071396e-03
2.132864939464274544e-03
3.450222696192208668e-03
1.204441377579825584e-02
7.841415218618657049e-03
3.262028730945360812e-03
3.199297409196411816e-03
1.819208330719528262e-03
2.321058904711122400e-03
5.206699705162787933e-03
1.944670974217426688e-03
5.244338498212157418e-02
5.520356313907534215e-03
3.387491374443259672e-03
7.966877862116554174e-03
4.704849131171193362e-03
2.070133617715325114e-03
2.634715513455868682e-03
1.028793676682767701e-02
2.571984191706919252e-03
1.819208330719528262e-03
2.622169249106078709e-02
3.174204880496832304e-02
3.575685339690107094e-03
2.076406749890220144e-02
4.391192522426447947e-03
6.022206887899127919e-03
4.516655165924345766e-02
1.881939652468477475e-03
2.697446835204817678e-03
2.446521548209020826e-03
1.129163791481086485e-03
2.822909478702716104e-03
3.400037638793049211e-02
2.935825857850824991e-02
6.649520105388620483e-03
2.509252869957969822e-03
1.737657612445894090e-02
4.265729878928549088e-03
4.453923844175396510e-03
1.775296405495263921e-02
1.505551721974781980e-03
2.446521548209020826e-03
2.634715513455868682e-03
2.760178156953767108e-03
3.889341948434853376e-03
1.229533906279405356e-02
4.140267235430650228e-03
1.053886205382347473e-02
1.386362210651778497e-02
9.660623549338184443e-03
3.469042092716893844e-02
2.628442381280973739e-02
3.011103443949563960e-03
4.265729878928549088e-03
2.396336490809861455e-02
3.324760052694310242e-03
4.642117809422244799e-03
2.132864939464274544e-03
1.292265228028354612e-02
8.405997114359199315e-03
2.070133617715325114e-03
7.653221253371808759e-03
2.571984191706919252e-03
3.707421115362900810e-02
1.756477008970579049e-03
2.509252869957969822e-03
3.575685339690107094e-03
6.461326140141773061e-03
7.151370679380214188e-03
2.383790226460071396e-03
2.885640800451665534e-03
4.202998557179599658e-03
4.140267235430650228e-03
1.631014365472680406e-03
8.280534470861300456e-03
2.070133617715325114e-03
4.021077724107646745e-02
1.907032181168057117e-02
1.794115802019948663e-02
3.701147983188005954e-03
1.505551721974781980e-03
3.450222696192208668e-03
2.509252869957969822e-03
2.571984191706919252e-03
1.568283043723731193e-03
5.338435480835581476e-02
1.254626434978984911e-03
8.970579010099743317e-03
3.638416661439056524e-03
