4.009990287220757677e-02
7.936728180935201382e-02
9.657277646732342902e-02
1.037879839045372510e-01
8.186485361454141213e-03
8.463993339808519381e-03
8.630498126821145588e-02
2.233939225752740523e-02
9.296517274871653191e-02
1.581795476619952956e-02
2.317191619259053800e-02
7.631469404745386612e-03
9.407520466213403765e-02
8.047731372276952996e-03
1.914805050645206064e-02
2.386568613847648082e-02
3.663105314277785574e-02
3.205217149993062203e-02
1.456916886360482867e-02
1.026779519911197487e-02
2.941584570556403377e-02
2.344942417094491444e-02
2.566948799777993631e-02
4.648258637435826596e-02
5.161648397391425253e-02
