4.077535913681701665e-03
1.756477008970579049e-03
3.826610626685904380e-03
2.778997553478451676e-02
4.202998557179599658e-03
1.317357756727934211e-02
3.111473558747882701e-02
2.634715513455868682e-03
3.763879304936954950e-03
5.018505739915939644e-03
2.346151433410701911e-02
3.481588357066683209e-02
1.480459193275202381e-02
4.391192522426447947e-03
4.955774418166991081e-03
4.265729878928549088e-03
3.136566087447462386e-03
8.851389498776739140e-02
1.204441377579825584e-02
1.944670974217426688e-03
3.952073270183802806e-03
1.656106894172260091e-02
7.339564644627062477e-03
3.475315224891788179e-02
4.516655165924345940e-03
3.199297409196411816e-03
2.760178156953767108e-03
9.974280158082930725e-03
1.944670974217426688e-03
1.850573991594002890e-02
3.450222696192208668e-03
5.143968383413838504e-03
3.387491374443259672e-03
5.081237061664889074e-03
2.164230600338749172e-02
1.775296405495263921e-02
3.387491374443259672e-03
2.885640800451665534e-03
5.018505739915939644e-03
3.011103443949563960e-03
4.435104447650711768e-02
3.274574995295150698e-02
3.456495828367103784e-02
5.206699705162787933e-03
1.392635342826673353e-02
8.656922401354997035e-03
9.786086192836083303e-03
2.377517094285176713e-02
3.575685339690107094e-03
9.597892227589235881e-03
6.825167806285678540e-02
3.952073270183802806e-03
5.238065366037262388e-02
2.446521548209020826e-03
4.265729878928549088e-03
4.202998557179599658e-03
1.154256320180666213e-02
4.140267235430650228e-03
2.070133617715325114e-03
2.584530456056709224e-02
1.223260774104510326e-02
3.236936202245781213e-02
2.321058904711122400e-03
4.579386487673295369e-03
2.697446835204817678e-03
4.830311774669092222e-03
3.262028730945360812e-03
2.697446835204817678e-03
2.258327582962172970e-03
4.140267235430650228e-03
8.343265792610250753e-03
4.617025280722664854e-02
5.771281600903331067e-03
1.881939652468477475e-03
3.719967379712690869e-02
