2.942385891168273343e-02
2.188513729611184580e-02
2.924110202403253089e-02
1.937223009092155224e-02
2.832731758578151474e-03
2.179375885228674453e-02
8.680952163384657392e-04
3.289623977703659552e-03
6.807694064970073143e-03
1.123954859048750463e-02
3.563759309178964659e-03
3.061177868140905513e-03
4.386165303604879981e-03
8.224059944259148880e-04
3.198245533878557958e-04
1.416365879289075737e-03
6.985882030429022005e-02
7.584410837483437397e-03
1.133092703431260589e-02
2.782473614474345602e-02
4.614611413167634020e-03
1.672225521999360504e-02
2.741353314753049988e-04
7.081829396445378684e-03
1.370676657376524886e-03
5.482706629506099542e-03
3.655137753004066470e-04
4.797368300817837425e-03
9.137844382510165037e-03
2.010325764152236586e-03
5.025814410380591464e-04
2.787042536665600406e-03
8.402247909718096874e-02
4.888746744642938694e-03
1.274729291360168076e-02
3.837894640654269766e-03
2.787042536665600406e-03
4.112029972129574440e-04
2.462649061086489774e-02
5.254260519943345503e-03
1.233608991638872332e-03
9.274912048247818674e-03
7.218897062183031454e-03
4.568922191255082518e-03
3.655137753004066470e-04
1.941791931283410114e-02
2.832731758578151474e-03
4.340476081692328479e-03
3.298761822086170026e-02
1.050852103988669144e-03
2.193082651802439990e-03
5.208571298030794869e-03
1.644811988851829776e-02
1.553433545026728290e-03
7.538721615570886762e-03
4.619180335358889083e-02
5.939598848631607404e-04
6.853383286882624428e-04
8.589573719559555690e-03
5.711152739068853582e-03
4.431854525517430615e-03
1.727052588294421265e-02
1.101110248092474972e-02
2.284461095627541259e-03
4.112029972129574440e-03
2.805318225430620746e-02
8.415954676291863279e-02
5.482706629506099976e-04
9.274912048247818674e-03
8.041303056608946342e-03
4.568922191255082952e-04
5.665463517156302947e-03
5.162882076118243367e-03
4.066340750217023806e-03
2.604285649015397434e-03
6.487869511582217835e-03
1.918947320327134883e-03
5.528395851418650177e-03
1.932654086900899987e-02
7.310275506008132940e-04
1.279298213551423183e-03
7.310275506008132940e-04
5.208571298030794869e-03
4.294786859779777845e-03
5.025814410380591464e-04
3.472380865353862957e-03
1.740759354868186629e-02
3.655137753004066470e-04
1.763603965824462119e-02
2.649974870927948069e-03
1.028007493032393610e-02
1.361538812994014629e-02
2.695664092840499137e-03
6.396491067757115916e-04
3.198245533878557958e-04
2.165669118654909436e-02
1.507744323114177439e-03
3.655137753004066470e-04
1.233608991638872332e-03
2.435235527938959046e-02
