7.017792585241369382e-03
1.415372982679993438e-02
5.420476831832896081e-02
4.933720847806053605e-02
2.507029607050872966e-02
3.920039696604522839e-02
2.242385576900356864e-02
1.512251600860093151e-02
4.399707001252333577e-02
1.097563857186739378e-01
7.632144798090782258e-03
2.993785591077715441e-02
7.499822783015523686e-02
3.560879941400250243e-02
4.702157321424352276e-02
6.476690059308617964e-02
2.991422697951371529e-02
1.010373100824649706e-01
2.703149736537416303e-02
3.941305734741617356e-02
2.176224569362727665e-02
5.118026511660877381e-02
2.176224569362727665e-02
2.391247843860022301e-02
4.373715176862550541e-02
