2.636325794366587913e-02
1.361176633828222460e-01
1.025391980019425553e-01
9.796031635909532853e-02
8.463993339808519381e-03
1.540169279866796144e-02
8.963507700846398696e-02
9.116137088941307642e-02
2.442070209518523716e-02
3.815734702372693132e-02
2.358817816012210439e-02
2.247814624670459172e-02
8.602747328985707598e-03
9.019009296517275717e-03
4.009990287220757677e-02
1.595670875537671604e-02
2.636325794366587913e-02
5.189399195226862549e-02
3.052587761898154645e-02
3.288469543499375480e-02
1.581795476619952956e-02
1.623421673373109594e-02
4.370750659081448775e-02
1.068405716664354126e-02
2.192313028999583885e-02
