4.578881642847231967e-03
1.345913695018731773e-02
7.811849590675731814e-02
7.770223393922574828e-02
4.995143610378798352e-03
1.248785902594699588e-03
7.215207437213820574e-02
7.534341612321354686e-02
2.913833772720965561e-03
2.636325794366587826e-03
2.081309837657832791e-03
1.096156514499791942e-02
1.803801859303455057e-03
3.052587761898154645e-03
2.816705980296933462e-02
5.272651588733175652e-03
5.966421534619120205e-03
1.318162897183293956e-02
1.512418482031358327e-02
1.359789093936450595e-02
6.243929512973498373e-03
3.468849729429721029e-03
6.382683502150686590e-03
6.660191480505064758e-03
1.526293880949077322e-03
5.133897599555987436e-03
1.526293880949077322e-03
2.220063826835021441e-03
2.081309837657832791e-03
1.928680449562925059e-02
2.775079783543776910e-03
3.885111696961287848e-03
5.688913556264742905e-03
4.717635632024421051e-03
8.880255307340085766e-03
3.468849729429721029e-03
4.301373664492853799e-03
3.885111696961287848e-03
3.330095740252532379e-03
3.885111696961287848e-03
2.400444012765367077e-02
1.526293880949077322e-03
3.052587761898154645e-03
1.179408908006105219e-02
2.053559039822394974e-02
1.234910503676980680e-02
1.415290689607326229e-02
4.440127653670042883e-03
4.995143610378798352e-03
1.165533509088386224e-02
5.966421534619120205e-03
4.162619675315665582e-03
4.578881642847231967e-03
8.325239350631331164e-03
1.248785902594699588e-03
2.594699597613431274e-02
2.220063826835021441e-03
2.220063826835021441e-03
4.023865686138476498e-03
2.053559039822394974e-02
6.382683502150686590e-03
4.717635632024421051e-03
6.660191480505064758e-03
5.688913556264742905e-03
2.913833772720965561e-03
1.387539891771888455e-03
4.440127653670042883e-03
5.272651588733175652e-03
1.387539891771888455e-03
3.191341751075343295e-03
2.636325794366587826e-03
2.636325794366587826e-03
1.248785902594699588e-03
5.411405577910364736e-03
1.803801859303455057e-03
7.215207437213820227e-03
2.331067018176772448e-02
7.076453448036631143e-03
4.717635632024421051e-03
3.885111696961287848e-03
1.387539891771888412e-02
6.243929512973498373e-03
5.827667545441931121e-03
5.550159567087553820e-03
8.325239350631330948e-04
1.248785902594699675e-02
2.636325794366587826e-03
1.609546274455390599e-02
8.880255307340085766e-03
4.440127653670042883e-03
1.803801859303455057e-03
3.302344942417094475e-02
6.382683502150686590e-03
1.110031913417510721e-03
1.526293880949077322e-03
1.137782711252948581e-02
6.105175523796309289e-03
2.067434438740113622e-02
1.887054252809768420e-02
8.325239350631330948e-04
