3.355308239408331689e-03
7.514000141773587507e-03
2.627537156494411802e-02
3.017414522341154565e-02
6.970534722714492003e-03
3.345856666902956300e-02
6.096264265967250504e-03
5.600056709435032379e-03
2.504666713924529053e-02
7.483282531131116300e-02
4.962075565322180380e-03
6.261666784811322634e-03
1.661113867819758588e-02
9.309798917794948753e-03
9.687861818009971260e-03
1.157817631908508726e-02
6.994163653977930259e-03
3.298598804376078053e-02
7.537629073037026631e-03
9.404314642848703512e-03
7.632144798090782258e-03
1.372840906405803189e-02
1.164906311287540464e-02
4.087805108574938881e-03
7.892063041988610014e-03
4.324094421209328382e-03
2.400699416365397951e-02
1.663476760946102501e-02
7.183195104085442380e-03
3.780629002150232877e-03
1.429550341438056739e-02
2.202216393752510701e-02
1.044398761844001801e-02
9.191654261477753135e-03
9.900522199380921637e-03
4.654899458897474376e-03
7.490371210510148384e-03
1.973015760497152590e-02
1.658750974693414676e-02
1.370478013279459450e-02
4.324094421209328382e-03
4.773044115214669127e-03
6.913825287682237586e-02
1.070390586233784663e-02
4.560383733843717882e-03
1.722549089104699963e-02
6.592471822499468628e-03
1.488622669596654201e-02
9.144396398950874888e-03
2.582642187093877814e-02
6.734245410080102502e-03
1.573686822145034525e-02
9.309798917794948753e-03
2.277828973795515202e-02
1.060939013728409014e-02
1.129462914392381952e-02
9.687861818009971260e-03
4.040547246048061501e-03
3.000874270456747438e-03
5.434654190590959381e-03
1.467356631459559163e-02
7.017792585241369382e-03
1.101108196876255350e-02
1.514614493986437063e-02
9.616975024219653889e-03
1.628033364050943815e-02
6.568842891236029505e-03
6.994163653977930259e-03
1.214527066940762276e-02
1.313768578247205901e-02
1.086930838118191876e-02
6.049006403440372256e-03
2.017910729897686578e-02
1.212164173814418364e-02
8.789962429999291504e-03
