5.776301743565413066e-02
3.095718182896453619e-02
1.320128098683430173e-01
3.558296761949946568e-02
5.384889099750918978e-02
3.498991815917447401e-02
1.387735737160479196e-02
2.929664334005456158e-02
2.561973668603961460e-02
3.593879729569446346e-02
3.083857193689953577e-02
5.515359981022417007e-02
5.183252283240422087e-02
1.684260467322974686e-02
4.613924801328430497e-02
8.539912228679872111e-03
4.400426995611433911e-02
1.294033922429130568e-01
1.103071996204483401e-02
2.467085754951962862e-02
1.304708812714980466e-02
4.957893488316925806e-02
1.933341240659471050e-02
1.304708812714980466e-02
3.665045664808445208e-02
