7.963631379357609397e-02
6.707177776762461574e-02
5.871065015762781669e-02
4.719696623566500826e-02
2.604285649015397434e-03
5.656325672773792473e-02
1.507744323114177439e-03
9.137844382510165904e-04
1.187919769726321524e-02
3.093160323479691304e-02
1.041714259606158974e-02
8.772330607209759962e-03
6.533558733494768470e-03
5.756841960981404216e-03
2.110842052359848328e-02
7.977338145931374414e-02
1.105679170283730035e-02
1.873258098414584032e-03
1.462055101201626588e-03
1.238177913830127395e-02
3.783067574359208485e-02
6.487869511582217835e-03
1.356969890802759565e-02
9.731804267373326753e-03
2.663681637501713259e-02
2.787042536665600406e-03
4.765385845479051807e-02
1.096541325901219908e-02
8.818019829122310596e-03
7.447343171745785494e-03
3.280486133321149772e-02
1.005162882076118293e-03
9.411979713985470578e-03
8.507333120116963854e-02
1.434641568054095991e-02
8.018458445652670852e-02
2.878420980490702108e-03
2.878420980490702108e-03
7.538721615570886762e-03
3.563759309178964659e-03
9.274912048247818674e-03
1.279298213551423183e-03
8.361127609996802518e-03
8.224059944259148880e-04
9.366290492072919943e-03
4.751679078905285923e-03
8.224059944259148880e-03
1.960067620048430714e-02
3.335313199616210620e-03
7.218897062183031454e-03
