5.363767396800642878e-03
7.395855485456392757e-03
3.671935918338413429e-02
3.948394414120649093e-02
1.188535242550979414e-02
3.478178681978214004e-02
1.164906311287540464e-02
4.678528390160912633e-03
3.707379315233572115e-02
7.452564920488646827e-02
4.135062971101817128e-03
1.576049715271378437e-02
2.577916400841189989e-02
1.481533990217622464e-02
1.115285555634318651e-02
1.670565440325134238e-02
3.374211384419082554e-02
9.593346092956214766e-03
1.240518891330545138e-02
1.207438387561730539e-02
6.049006403440372256e-03
8.719075636208974134e-03
2.360530233217551441e-02
2.627537156494411802e-02
2.140781172467569327e-02
2.866189362255145215e-02
6.356182509865079128e-03
1.776895631010609253e-02
1.963564187991777288e-02
1.989556012381559977e-02
5.954490678386616630e-03
5.441742869969991292e-02
1.824153493537487153e-02
1.932846577349306427e-02
3.844427116561517643e-02
4.513125871316840503e-03
1.209801280688074451e-02
7.076864913399967538e-02
2.601545332104628766e-02
6.545213959972590381e-03
1.772169844757921428e-02
6.970534722714492003e-03
2.110063561825098813e-02
2.414876775123461078e-02
1.538243425249876013e-02
1.115285555634318651e-02
1.637484936556319465e-02
1.013681151201531114e-02
1.514614493986437063e-02
7.443113347983271004e-03
