3.952073270183802806e-03
1.568283043723731193e-03
2.195596261213223974e-03
5.445078727808794899e-02
2.151684335988959459e-02
2.760178156953767108e-03
2.848002007402295963e-02
3.324760052694310242e-03
4.830311774669092222e-03
6.900445392384417335e-03
2.383790226460071396e-03
6.774982748886519343e-03
8.782385044852895895e-03
6.084938209648077349e-03
1.806662066369738376e-02
3.011103443949563960e-03
4.014804591932751715e-02
3.011103443949563960e-03
7.402295966376011907e-03
2.258327582962172970e-03
1.756477008970579049e-03
1.944670974217426688e-03
1.756477008970579049e-03
8.155071827363403331e-03
9.848817514585031865e-03
4.014804591932752235e-03
2.076406749890220144e-02
2.321058904711122400e-03
2.195596261213223974e-03
1.424001003701147981e-02
1.881939652468477475e-03
1.568283043723731193e-03
4.328461200677498344e-02
4.623298412897559884e-02
2.258327582962172970e-03
3.763879304936954950e-03
5.332162348660685926e-03
4.391192522426447947e-03
1.442820400225832767e-03
1.819208330719528262e-03
4.704849131171193362e-03
9.848817514585031865e-03
7.402295966376011907e-03
3.889341948434853376e-03
1.066432469732137185e-02
3.136566087447462386e-03
4.893043096418041651e-03
3.011103443949563960e-03
4.441377579825606797e-02
2.258327582962172970e-03
1.254626434978984911e-03
1.304811492378144325e-02
2.948372122200614964e-03
3.506680885766263328e-02
1.881939652468477475e-03
1.323630888902829240e-02
2.848002007402295963e-02
4.140267235430650228e-03
1.273445831503669697e-02
2.321058904711122400e-03
8.656922401354997035e-03
3.638416661439056524e-03
2.697446835204817678e-03
3.889341948434853376e-03
7.465027288124960470e-03
2.264600715137067913e-02
1.819208330719528262e-03
4.642117809422244799e-03
3.136566087447462819e-02
1.881939652468477475e-03
4.830311774669092222e-03
4.836584906843987425e-02
3.745059908412270294e-02
7.778683896869706751e-03
1.022520544507872844e-02
3.575685339690107094e-03
2.321058904711122400e-03
3.387491374443259672e-03
1.756477008970579049e-03
2.885640800451665534e-03
1.631014365472680406e-03
2.571984191706919252e-03
2.929552725675929961e-02
4.453923844175396510e-03
1.756477008970579049e-03
4.391192522426447947e-03
9.848817514585031865e-03
1.380089078476883554e-03
3.832883758860799323e-02
1.693745687221629836e-03
1.317357756727934341e-03
1.568283043723731193e-03
2.804090082178031448e-02
1.442820400225832767e-03
2.321058904711122400e-03
1.587102440248416152e-02
2.634715513455868682e-03
1.938397842042531918e-02
2.760178156953767108e-03
1.819208330719528262e-03
