2.087534100343968815e-02
7.591033092159886128e-03
4.080180287035938685e-02
6.997983631834895323e-03
1.577511564464476393e-02
2.040090143517969343e-02
1.186098920649982262e-03
8.184082552484877801e-03
4.151346222274937374e-03
5.337445142924919853e-03
4.388566006404933870e-03
1.423318704779978627e-02
6.760763847704898827e-03
4.388566006404933870e-03
1.624955521290475519e-02
1.660538488909975036e-03
8.895741904874866421e-03
4.317400071165935355e-02
2.490807733364962771e-03
7.116593523899893137e-03
3.439686869884948320e-03
1.340291780334479897e-02
5.100225358794923357e-03
4.388566006404933870e-03
5.811884711184912844e-03
1.779148380974973284e-03
1.114932985410983270e-02
1.043767050171984408e-02
1.719843434942474117e-02
6.286324279444905835e-03
6.404934171509903650e-03
5.930494603249910658e-03
1.031906060965484540e-02
5.100225358794923357e-03
2.134978057169968028e-03
4.388566006404933870e-03
1.197959909856482000e-02
1.458901672399478058e-02
2.372197841299964523e-03
4.269956114339936055e-03
2.372197841299964523e-03
1.518206618431977226e-02
3.676906654014944816e-03
1.755426402561973548e-02
7.164037480725891915e-02
4.625785790534930365e-03
7.235203415964891818e-03
6.642153955639900145e-03
3.321076977819950073e-03
2.253587949234966276e-03
5.218835250859922038e-03
4.863005574664926861e-03
2.917803344798956117e-02
2.846637409559957515e-03
2.846637409559957515e-03
3.439686869884948320e-03
6.879373739769896641e-03
2.289170916854465707e-02
2.846637409559957515e-03
3.202467085754952258e-02
1.897758273039971532e-03
1.031906060965484540e-02
4.032736330209939560e-03
8.065472660419879120e-03
7.828252876289881756e-03
2.965247301624955329e-03
6.523544063574902331e-03
2.490807733364962771e-03
2.040090143517969343e-02
1.814731348594472715e-02
4.032736330209939560e-03
2.241726960028466234e-02
1.399596726366979065e-02
5.930494603249910658e-03
1.008184082552484803e-02
7.709642984224883942e-03
5.456055034989918534e-03
3.795516546079943064e-03
2.977108290831455284e-02
4.269956114339936055e-03
6.286324279444905835e-03
3.558296761949946568e-03
1.897758273039971532e-03
3.795516546079943064e-03
1.613094532083975824e-02
3.558296761949946568e-03
1.008184082552484803e-02
1.304708812714980510e-03
1.280986834301980730e-02
7.946862768354880438e-03
2.229865970821966539e-02
6.167714387379907154e-03
1.814731348594472715e-02
2.502668722571462293e-02
1.826592337800972757e-02
1.304708812714980510e-03
4.981615466729925543e-03
4.388566006404933870e-03
4.625785790534930365e-03
2.609417625429961019e-03
