6.041161814396395560e-03
6.996825830233113948e-03
9.112939008157275658e-03
6.177685245230212473e-03
5.802245810437216614e-03
4.334618928973685455e-03
4.573534932932864401e-03
1.358408136796477629e-02
8.976415577323457878e-03
1.013686473941090120e-02
1.085361275128843977e-02
1.197993105566742822e-02
2.866992047510153862e-03
1.221884705962660890e-02
1.365234308338168605e-02
6.655517253148571233e-03
7.440526980443018697e-03
6.962694972524659937e-03
1.815761630089764156e-02
4.232226355848322553e-03
1.177514590941670415e-02
5.699853237311853713e-03
1.163862247858288637e-02
1.129731390149834452e-02
5.563329806478036800e-03
1.249189392129424273e-02
1.423256766442540684e-02
1.153622990545752347e-02
8.600976142530461152e-03
6.382470391480938275e-03
9.556640158367180407e-03
1.443735281067613264e-02
9.317724154407999726e-03
7.406396122734564685e-03
7.372265265026109807e-03
1.023925731253626410e-02
2.006894433257107660e-02
1.180927676712515730e-02
1.259428649441960563e-02
5.222021229393494952e-03
1.699716713881019997e-02
3.720263490221509348e-03
1.310624936004641840e-02
1.358408136796477629e-02
1.150209904774907033e-02
1.273080992525342167e-02
1.819174715860609470e-02
9.010546435031912757e-03
5.085497798559678040e-03
1.010273388170244632e-02
6.416601249189392286e-03
1.624628826922420652e-02
6.689648110857026111e-03
1.105839789753916558e-02
1.692890542339329021e-02
1.139970647462370743e-02
1.651933513089183861e-02
1.191166934025052020e-02
9.112939008157275658e-03
1.238950134816887982e-02
6.143554387521758461e-03
1.249189392129424273e-02
3.447216628553875523e-03
1.242363220587733297e-02
1.802109287006382551e-02
5.426806375644219887e-03
1.491518481859449054e-02
1.501757739171985344e-02
9.351855012116454605e-03
1.095600532441380268e-02
9.249462438991091703e-03
8.430321853988190228e-03
8.532714427113553129e-03
1.122905218608143650e-02
1.064882760503771397e-02
1.262841735212805877e-02
1.201406191337588310e-02
7.611181268985289620e-03
5.017236083142769150e-03
5.802245810437216614e-03
1.324277279088023444e-02
1.293559507150414747e-02
6.211816102938666484e-03
1.208232362879279112e-02
1.583671797672275491e-02
9.249462438991091703e-03
5.699853237311853713e-03
1.317451107546332642e-02
3.686132632513054903e-03
1.232123963275197180e-02
1.785043858152155286e-02
1.037578074337008015e-02
4.641796648349773291e-03
9.556640158367180407e-03
1.010273388170244632e-02
2.628076043550974482e-03
3.276562340011604599e-03
8.635107000238916031e-03
9.215331581282636825e-03
9.215331581282636825e-03
