4.702157321424351756e-03
8.199239148413316886e-03
3.936579948488929531e-02
3.572694407031969804e-02
7.112308310295125009e-03
1.136551593771413689e-02
3.884596299709364153e-02
4.052361711679780543e-02
7.145388814063939609e-02
1.186172349424635501e-02
5.316509534273764631e-03
1.311405685120861989e-02
9.947780061907799884e-03
1.424824555185368914e-02
1.441364807069776301e-02
1.495711348975685764e-02
2.254200042532076426e-02
3.830249757803454863e-02
1.448453486448807864e-02
5.221993809220009004e-03
2.166772996857352016e-02
4.796673046478107383e-03
6.639729685026346008e-03
1.999007584886935626e-02
2.254200042532076426e-02
2.710238415916448040e-02
4.016918314784622551e-02
1.724911982231043528e-02
1.259422036341296264e-02
9.711490749273410383e-03
9.947780061907799884e-03
5.812717090805982756e-03
2.986696911698683704e-02
2.551924576451406954e-02
3.993289383521183428e-02
3.291510124997046316e-02
2.476311996408402452e-02
4.064176177311500625e-03
5.032962359112497751e-03
1.103471090002599263e-02
1.835967959169206715e-02
6.580657356867748720e-02
1.070390586233784663e-02
2.058079913045533088e-02
7.537629073037026631e-03
1.443727700196120213e-02
1.847782424800926276e-02
1.590227074029441565e-02
1.327945937005269202e-02
2.185676141868103314e-02
