2.787332463527458087e-02
1.719843434942474117e-02
6.997983631834894802e-02
1.992646186691970217e-02
2.206143992408966803e-02
2.988969280037955326e-02
4.981615466729925543e-03
1.020045071758984671e-02
2.134978057169968028e-03
7.235203415964891818e-03
4.863005574664926861e-03
2.324753884473965138e-02
8.658522120744870793e-03
1.862175305420472188e-02
5.693274819119915030e-03
4.032736330209939213e-02
4.863005574664926861e-03
1.423318704779978627e-02
3.676906654014944816e-03
2.134978057169968028e-03
1.292847823508480598e-02
1.874036294626971882e-02
2.372197841299964523e-03
5.218835250859922038e-03
6.167714387379907154e-03
2.111256078756968205e-02
4.625785790534930365e-03
2.134978057169968028e-03
1.043767050171984408e-02
2.040090143517969343e-02
3.439686869884948320e-03
3.356659945439449677e-02
4.863005574664926861e-03
7.946862768354880438e-03
2.941525323211955853e-02
5.337445142924919853e-03
1.031906060965484540e-02
1.957063219072470786e-02
4.151346222274937374e-03
2.360336852093464569e-02
5.574664927054916348e-03
4.863005574664926861e-03
1.423318704779978627e-02
2.289170916854465707e-02
4.981615466729925543e-03
5.550942948641916785e-02
1.197959909856482000e-02
3.925987427351441267e-02
3.261772031787450732e-02
3.321076977819950073e-03
1.423318704779978627e-02
3.795516546079943064e-03
2.372197841299964523e-03
3.795516546079943064e-03
6.404934171509903650e-03
7.709642984224883942e-03
1.375874747953979328e-02
5.574664927054916348e-03
1.221681888269481736e-02
5.574664927054916348e-03
3.439686869884948320e-03
4.744395682599929047e-03
1.553789586051476657e-02
5.100225358794923357e-03
6.879373739769896641e-03
1.423318704779978757e-03
9.726011149329853722e-03
6.049104495314909340e-03
1.755426402561973548e-02
3.273633020993951120e-02
4.151346222274937374e-03
3.321076977819950073e-03
1.364013758747479460e-02
1.043767050171984408e-02
1.043767050171984408e-02
