4.400000000000000265e-03
1.700000000000000122e-02
2.000000000000000042e-02
2.500000000000000139e-02
4.479999999999999954e-02
1.619999999999999912e-02
1.600000000000000033e-02
5.199999999999999761e-03
4.199999999999999740e-03
2.000000000000000042e-03
2.599999999999999881e-03
4.599999999999999922e-03
1.600000000000000077e-03
3.799999999999999992e-03
6.199999999999999782e-03
1.799999999999999951e-03
3.459999999999999881e-02
2.799999999999999972e-03
1.399999999999999986e-03
2.799999999999999972e-03
5.199999999999999761e-03
1.159999999999999920e-02
7.599999999999999985e-03
2.000000000000000042e-03
4.000000000000000083e-03
4.000000000000000083e-03
1.179999999999999973e-02
7.199999999999999803e-03
4.000000000000000083e-03
7.799999999999999642e-03
7.199999999999999803e-03
3.599999999999999901e-03
2.000000000000000042e-02
9.199999999999999845e-03
3.000000000000000062e-03
4.959999999999999826e-02
1.600000000000000077e-03
1.559999999999999928e-02
3.399999999999999811e-03
6.000000000000000125e-03
1.959999999999999937e-02
7.199999999999999803e-03
4.400000000000000265e-03
2.280000000000000082e-02
1.399999999999999986e-03
8.800000000000000530e-03
6.500000000000000222e-02
1.420000000000000082e-02
1.359999999999999924e-02
2.799999999999999972e-03
2.620000000000000107e-02
4.599999999999999922e-03
1.199999999999999895e-03
8.000000000000000167e-03
7.400000000000000328e-03
3.200000000000000153e-03
4.199999999999999740e-03
2.199999999999999872e-02
1.600000000000000077e-03
4.199999999999999740e-03
4.199999999999999740e-03
3.000000000000000062e-03
2.799999999999999972e-03
2.000000000000000042e-03
2.799999999999999972e-03
5.199999999999999761e-03
4.959999999999999826e-02
2.399999999999999790e-03
9.400000000000000369e-03
4.400000000000000265e-03
3.200000000000000153e-03
1.839999999999999969e-02
7.599999999999999985e-03
6.599999999999999964e-03
3.000000000000000062e-03
3.200000000000000153e-03
1.700000000000000122e-02
6.000000000000000125e-03
2.599999999999999881e-03
4.359999999999999987e-02
6.400000000000000307e-03
3.599999999999999901e-03
5.340000000000000302e-02
5.000000000000000104e-03
3.599999999999999901e-03
6.199999999999999782e-03
2.000000000000000042e-03
5.000000000000000104e-03
3.200000000000000153e-03
4.400000000000000265e-03
3.280000000000000276e-02
1.000000000000000021e-03
3.000000000000000062e-03
1.199999999999999895e-03
1.420000000000000082e-02
4.799999999999999580e-03
1.799999999999999951e-03
8.000000000000000383e-04
2.399999999999999790e-03
4.400000000000000265e-03
