2.599999999999999881e-03
1.700000000000000122e-02
4.580000000000000043e-02
2.500000000000000139e-02
2.079999999999999905e-02
2.779999999999999832e-02
1.919999999999999832e-02
6.000000000000000125e-03
4.000000000000000083e-03
3.000000000000000062e-03
2.799999999999999972e-03
1.399999999999999986e-03
2.599999999999999881e-03
3.000000000000000062e-03
1.480000000000000066e-02
7.599999999999999985e-03
2.799999999999999972e-03
4.799999999999999580e-03
1.799999999999999951e-03
2.200000000000000133e-03
6.199999999999999956e-02
5.380000000000000060e-02
4.000000000000000083e-03
3.799999999999999992e-03
1.799999999999999951e-03
5.199999999999999761e-03
2.399999999999999790e-03
3.399999999999999811e-03
3.200000000000000153e-03
7.400000000000000328e-03
6.400000000000000307e-03
4.400000000000000265e-03
1.779999999999999985e-02
1.000000000000000021e-02
6.000000000000000125e-03
7.599999999999999985e-03
1.179999999999999973e-02
6.000000000000000125e-03
5.399999999999999939e-02
1.519999999999999997e-02
2.200000000000000133e-03
2.399999999999999790e-03
4.199999999999999740e-03
2.799999999999999972e-03
6.400000000000000307e-03
3.399999999999999811e-03
5.000000000000000104e-03
2.079999999999999905e-02
3.799999999999999992e-03
4.799999999999999580e-03
3.719999999999999696e-02
3.599999999999999901e-03
1.839999999999999969e-02
2.399999999999999790e-03
1.099999999999999936e-02
1.400000000000000029e-02
2.000000000000000042e-03
4.199999999999999740e-03
1.799999999999999951e-03
6.199999999999999782e-03
2.000000000000000042e-03
2.000000000000000042e-03
2.639999999999999986e-02
2.799999999999999972e-03
2.599999999999999881e-03
6.400000000000000307e-03
3.219999999999999946e-02
3.000000000000000062e-03
2.620000000000000107e-02
2.599999999999999881e-03
5.000000000000000104e-03
1.420000000000000082e-02
3.180000000000000188e-02
1.720000000000000001e-02
2.799999999999999972e-03
7.199999999999999803e-03
1.600000000000000077e-03
3.599999999999999901e-03
4.000000000000000083e-03
6.400000000000000307e-03
4.379999999999999866e-02
1.119999999999999989e-02
2.000000000000000042e-03
2.599999999999999881e-03
1.480000000000000066e-02
3.000000000000000062e-03
4.199999999999999740e-03
5.199999999999999761e-03
2.399999999999999790e-03
2.000000000000000042e-03
3.599999999999999901e-03
1.119999999999999989e-02
1.600000000000000077e-03
4.000000000000000083e-03
4.599999999999999922e-03
1.199999999999999895e-03
8.399999999999999481e-03
3.399999999999999811e-03
8.399999999999999481e-03
4.599999999999999922e-03
