2.645000593049460363e-02
1.648677499703475255e-02
7.128454513106392831e-02
1.874036294626971882e-02
2.360336852093464569e-02
1.672399478116474991e-02
3.083857193689953577e-03
1.055628039378484102e-02
1.031906060965484540e-02
1.280986834301980730e-02
1.352152769540979765e-02
1.280986834301980730e-02
1.672399478116474991e-02
4.507175898469932551e-03
1.850314316213972146e-02
2.609417625429961019e-03
1.909619262246471313e-02
1.304708812714980466e-02
4.863005574664926861e-03
4.981615466729925543e-03
6.167714387379907154e-03
4.625785790534930365e-03
1.364013758747479460e-02
6.049104495314909340e-03
2.253587949234966276e-03
3.676906654014944816e-03
4.981615466729925543e-03
5.574664927054916348e-03
1.506345629225477357e-02
3.356659945439449677e-02
1.577511564464476393e-02
1.945202229865970744e-02
4.507175898469932551e-03
2.526390700984462029e-02
1.328430791127980029e-02
3.439686869884948320e-03
2.372197841299964523e-03
2.621278614636460627e-02
8.302692444549874748e-03
1.364013758747479460e-02
5.811884711184912844e-03
4.981615466729925543e-03
1.126793974617483138e-02
2.111256078756968205e-02
1.186098920649982132e-02
9.370181473134859412e-03
2.526390700984462029e-02
4.863005574664926861e-03
1.328430791127980029e-02
1.375874747953979328e-02
4.779978650219428304e-02
4.744395682599929047e-03
4.744395682599929047e-03
1.079350017791483839e-02
6.404934171509903650e-03
5.100225358794923357e-03
6.523544063574902331e-03
2.004507175898469912e-02
1.684260467322974686e-02
2.016368165104969780e-03
3.321076977819949899e-02
2.502668722571462293e-02
2.870359387972956991e-02
4.388566006404933870e-03
2.218004981615466845e-02
3.083857193689953577e-03
4.151346222274937374e-03
1.696121456529474728e-02
3.439686869884948320e-03
5.218835250859922038e-03
3.309215988613450204e-02
2.253587949234966276e-03
5.693274819119915030e-03
1.245403866682481299e-02
4.981615466729925543e-03
