7.201610976483838883e-03
9.010546435031912757e-03
2.481313355404621279e-02
2.675859244342810445e-02
2.000068261715417031e-02
1.737260657360319496e-02
2.778251817468172999e-02
7.918358988361377457e-03
1.474453053005221961e-02
1.054643503191235281e-02
1.860131745110754631e-02
3.017167821427352639e-02
1.122905218608143650e-02
2.140004778320079085e-02
2.071743062903170715e-02
2.552988156592375310e-02
4.570121847162018913e-02
1.061469674732926083e-02
1.552954025734666794e-02
1.105839789753916558e-02
1.945458889381890266e-02
1.443735281067613264e-02
1.047817331649544305e-02
3.300453940407522407e-02
2.665619987030274154e-02
1.808935458548073180e-02
2.686098501655346735e-02
7.338134407317655795e-03
3.593979316700228466e-02
2.013720604798798636e-02
7.338134407317655795e-03
3.351650226970203511e-02
2.399399296904331305e-02
2.890883647906071843e-02
1.402778251817468104e-02
4.232226355848322380e-02
1.467626881463531159e-02
1.269667906754496679e-02
2.167309464486842641e-02
2.232158094132905696e-02
2.058090719819789111e-02
1.675825113485101756e-02
2.733881702447182524e-02
3.293627768865831779e-02
1.337929622171405222e-02
1.542714768422130504e-02
1.665585856172565465e-02
1.631454998464111281e-02
1.720195228506092230e-02
1.283320249837878457e-02
