3.202814456069812826e-02
2.946954813359528580e-02
3.805912185315483975e-02
2.924110202403253176e-03
2.759629003518070112e-02
3.024626490610864832e-02
3.015488646228354878e-03
1.187919769726321481e-03
9.000776716772513134e-03
1.137661625622515653e-02
4.386165303604879981e-03
4.294786859779777845e-03
7.173207840270479953e-03
8.498195275734454421e-03
1.599122766939278925e-03
1.507744323114177439e-03
7.876821857723763365e-02
7.904235390871292705e-03
4.112029972129574440e-04
9.411979713985470578e-03
2.563165349294101517e-02
2.101704207977338288e-03
1.361538812994014629e-02
2.211358340567460071e-02
8.863709051034861230e-03
1.521451089687942543e-02
1.005162882076118293e-03
5.299949741855896138e-03
7.310275506008132940e-04
8.680952163384657392e-04
1.676794444190615394e-02
5.939598848631607404e-04
5.665463517156302947e-03
1.832137798693288244e-02
5.711152739068853582e-03
7.812856947046191436e-02
4.112029972129574440e-04
4.660300635080184654e-03
4.020651528304473171e-03
9.092155160597614402e-03
2.869283136108191981e-02
1.315849591081463821e-02
5.802531182893955718e-03
5.893909626719056986e-03
7.812856947046191436e-03
4.888746744642938694e-03
1.233608991638872332e-02
9.320601270160369309e-03
7.721478503221090167e-03
3.883583862566820401e-03
1.644811988851829776e-03
2.183944807419929690e-02
3.700826974916616996e-03
3.198245533878557958e-04
4.632887101932654100e-02
3.152556311966007215e-03
1.736190432676931478e-03
3.787636496550463722e-02
8.680952163384657392e-04
1.462055101201626588e-03
8.680952163384657392e-04
3.751085119020423214e-02
8.411385754100607348e-02
4.797368300817837425e-03
2.558596427102846366e-03
6.670626399232421240e-03
2.247909718097500925e-02
2.878420980490702108e-02
1.827568876502033181e-03
5.254260519943345503e-03
2.343857084113857431e-02
1.462055101201626588e-03
7.493032393658336128e-03
6.030977292456709757e-03
5.939598848631607404e-04
