1.591812491433270971e-01
6.707177776762461574e-02
8.114405811669027357e-02
7.264586284095582436e-02
5.619774295243752313e-03
5.656325672773792473e-02
2.924110202403253176e-03
3.243934755791108918e-03
2.517476127381550535e-02
5.944167770822862684e-02
1.749897199250696755e-02
1.727052588294421265e-02
1.516882167496687479e-02
1.526020011879197780e-02
2.997212957463334451e-02
1.812034541051765757e-01
3.129711701009731811e-02
7.904235390871292705e-03
3.426691643441312322e-03
2.636268104354182878e-02
5.062365787910631798e-02
1.270160369168913013e-02
1.731621510485676502e-02
1.434641568054095991e-02
2.663681637501713259e-02
