8.854571206652350757e-02
4.244528715675972147e-02
6.825969753735093570e-02
5.167450998309498778e-02
5.848220404806506179e-02
2.512907205190295732e-03
7.310275506008132940e-04
7.310275506008132940e-04
1.946360853474665351e-02
1.946360853474665351e-02
1.270160369168913013e-02
4.751679078905285923e-03
7.127518618357929318e-03
8.543884497647005055e-03
2.544889660529081263e-02
4.431854525517430615e-03
8.114405811669027357e-02
6.624937177319870606e-03
1.690501210764380627e-03
1.356969890802759565e-02
5.103486087631927542e-02
1.155937314387535907e-02
3.805912185315483975e-02
6.168044958194361660e-03
5.437017407593548908e-03
6.990450952620276548e-03
5.893909626719056986e-03
8.224059944259148880e-04
9.407410791794215688e-02
1.050852103988669144e-03
1.329556357655229185e-02
2.188513729611184580e-02
1.087403481518709782e-02
1.452917256819116418e-02
1.873258098414584032e-03
2.608854571206652498e-02
1.151368392196280843e-02
1.370676657376524886e-03
5.391328185680998274e-03
8.178370722346598246e-03
6.903641430986430516e-02
1.827568876502033181e-03
7.218897062183031454e-03
6.442180289669667201e-03
1.324987435463974034e-03
8.680952163384657392e-04
1.219902225065107142e-02
8.361127609996802518e-03
2.695664092840499137e-03
3.559190386987709509e-02
