3.487130826710947706e-02
1.565650575257976351e-02
7.164037480725891915e-02
2.016368165104969606e-02
2.443363776538963472e-02
3.178745107341952175e-02
3.083857193689953577e-03
1.968924208278970481e-02
1.031906060965484540e-02
1.008184082552484803e-02
3.546435772743446874e-02
1.174237931443482437e-02
2.051951132724469384e-02
6.404934171509903650e-03
2.763610485114458698e-02
1.874036294626971882e-02
4.981615466729925543e-03
1.624955521290475519e-02
4.032736330209939560e-03
7.828252876289881756e-03
2.265448938441465970e-02
5.693274819119915030e-03
1.043767050171984408e-02
8.539912228679872111e-03
1.269125845095481035e-02
2.455224765745463167e-02
3.914126438144941572e-02
6.404934171509903650e-03
2.289170916854465707e-02
1.079350017791483839e-02
4.744395682599929047e-03
3.321076977819950073e-03
6.321907247064405266e-02
2.502668722571462293e-02
3.000830269244455020e-02
6.642153955639900145e-03
1.269125845095481035e-02
1.613094532083975824e-02
8.302692444549874748e-03
2.443363776538963472e-02
7.235203415964891818e-03
2.941525323211955853e-02
8.777132012809867739e-03
1.613094532083975824e-02
6.049104495314909513e-02
1.874036294626971882e-02
6.096548452140908292e-02
9.844621041394852404e-03
2.965247301624955589e-02
5.100225358794923357e-03
