2.858332177050090100e-02
1.089218815040932375e-01
9.809907034827251848e-02
1.047592618287775806e-01
8.325239350631331164e-03
1.554044678784515139e-02
9.657277646732342902e-02
8.949632301928681088e-02
1.026779519911197487e-02
2.511447204107117998e-02
3.898987095879006409e-02
1.179408908006105219e-02
4.176495074233384230e-02
2.608574996531150270e-02
8.325239350631331164e-03
2.261690023588178167e-02
5.314277785486332811e-02
1.526293880949077322e-02
6.743443874011377515e-02
1.054530317746635130e-02
1.304287498265575135e-02
2.650201193284306908e-02
9.990287220757596703e-03
2.733453586790620185e-02
4.148744276397946240e-02
