7.744323114177364964e-02
6.720884543336226591e-02
6.465024900625941651e-02
2.969799424315803810e-03
4.875039978069173330e-02
5.829944716041485925e-02
1.233608991638872332e-03
1.050852103988669144e-03
1.969205464430940841e-02
4.614611413167634020e-03
2.298167862201306796e-02
7.173207840270479953e-03
7.264586284095582089e-03
9.686115045460776118e-03
2.576872115867866880e-02
3.792205418741718698e-03
8.027596290035181326e-02
8.863709051034861230e-03
1.142230547813770630e-03
4.975556266276785072e-02
1.786448576780737263e-02
2.549458582720336153e-02
4.943573810937999802e-02
5.574085073331200811e-03
8.726641385297207593e-03
4.249097637867227210e-03
1.174213003152556334e-02
1.028007493032393610e-02
1.050852103988669144e-03
2.969799424315803810e-03
9.868871933110978656e-03
2.873852058299447218e-02
2.558596427102846366e-03
7.767167725133641452e-04
1.873258098414584032e-03
1.073696714944944418e-02
8.397678987526842331e-02
5.117192854205692733e-03
8.260611321789189387e-02
8.680952163384656958e-03
1.530588934070452843e-02
1.270160369168913013e-02
1.306711746698953694e-02
7.767167725133641452e-04
1.370676657376524886e-03
7.036140174532828050e-03
5.665463517156302947e-03
4.614611413167634020e-03
2.421528761365194030e-03
2.101704207977338288e-03
