7.599999999999999985e-03
1.540000000000000049e-02
6.019999999999999657e-02
2.419999999999999929e-02
2.120000000000000009e-02
2.259999999999999856e-02
2.580000000000000002e-02
4.799999999999999580e-03
9.199999999999999845e-03
6.400000000000000307e-03
1.600000000000000077e-03
3.200000000000000153e-03
8.000000000000000167e-03
6.000000000000000125e-03
7.220000000000000029e-02
1.020000000000000073e-02
1.399999999999999986e-03
1.799999999999999951e-03
6.599999999999999964e-03
5.400000000000000286e-03
4.599999999999999922e-03
6.000000000000000125e-03
4.599999999999999922e-03
3.599999999999999901e-03
5.360000000000000181e-02
2.599999999999999881e-03
1.359999999999999924e-02
5.199999999999999761e-03
1.799999999999999864e-02
5.199999999999999761e-03
6.000000000000000125e-03
1.660000000000000017e-02
6.199999999999999782e-03
7.400000000000000328e-03
1.799999999999999864e-02
1.000000000000000021e-03
7.520000000000000295e-02
3.679999999999999938e-02
2.920000000000000026e-02
5.599999999999999943e-03
5.199999999999999761e-03
4.199999999999999740e-03
3.200000000000000153e-03
1.839999999999999969e-02
5.179999999999999882e-02
3.599999999999999901e-03
8.600000000000000006e-03
2.060000000000000026e-02
2.399999999999999790e-03
5.000000000000000104e-03
8.800000000000000530e-03
7.599999999999999985e-03
3.599999999999999901e-03
7.400000000000000328e-03
1.199999999999999895e-03
2.699999999999999969e-02
7.199999999999999803e-03
2.479999999999999913e-02
2.000000000000000042e-03
3.799999999999999992e-03
5.799999999999999600e-03
6.400000000000000307e-03
3.399999999999999811e-03
6.799999999999999621e-03
1.000000000000000021e-03
5.599999999999999943e-03
1.739999999999999880e-02
1.400000000000000029e-02
3.200000000000000153e-03
6.400000000000000307e-03
3.399999999999999811e-03
1.399999999999999986e-03
6.300000000000000044e-02
4.400000000000000265e-03
8.600000000000000006e-03
