2.692444549875459489e-02
6.642153955639900145e-03
6.760763847704898827e-03
2.241726960028466234e-02
1.079350017791483839e-02
9.963230933459851085e-03
1.660538488909975036e-03
4.388566006404933870e-03
7.472423200094888314e-03
4.388566006404933870e-03
7.472423200094888314e-03
7.946862768354880438e-03
7.353813308029889632e-03
4.898588542284426639e-02
3.676906654014944816e-03
6.404934171509903650e-03
9.370181473134859412e-03
1.423318704779978757e-03
1.008184082552484803e-02
1.648677499703475255e-02
3.439686869884948320e-03
3.202467085754951825e-03
1.624955521290475519e-02
4.863005574664926861e-03
2.728027517494959267e-03
2.253587949234966276e-03
1.565650575257976351e-02
2.372197841299964523e-03
1.316569801921480334e-02
3.083857193689953577e-02
2.016368165104969780e-03
3.676906654014944816e-03
2.134978057169968028e-03
1.257264855888981167e-02
1.174237931443482437e-02
4.981615466729925543e-03
7.235203415964891818e-03
1.767287391768473589e-02
2.609417625429961019e-03
8.658522120744870793e-03
7.828252876289881756e-03
1.672399478116474991e-02
2.372197841299964523e-03
5.930494603249910658e-03
2.016368165104969606e-02
2.965247301624955329e-03
1.008184082552484803e-02
2.134978057169968028e-03
2.680583560668959794e-02
3.676906654014944816e-03
3.439686869884948320e-03
7.270786383584390555e-02
1.589372553670976088e-02
1.874036294626971882e-02
3.795516546079943064e-03
1.399596726366979065e-02
2.182422013995967414e-02
1.174237931443482437e-02
8.065472660419879120e-03
4.388566006404933870e-03
3.558296761949946568e-03
1.423318704779978757e-03
6.049104495314909340e-03
1.079350017791483839e-02
2.846637409559957515e-03
1.767287391768473589e-02
6.404934171509903650e-03
2.728027517494959267e-03
4.388566006404933870e-03
7.116593523899893137e-03
5.574664927054916348e-03
3.914126438144940878e-03
8.065472660419879120e-03
1.897758273039971532e-03
2.253587949234966276e-03
3.415964891471948844e-02
1.423318704779978627e-02
4.388566006404933870e-03
1.447040683192978364e-02
3.795516546079943064e-03
1.850314316213972146e-02
1.079350017791483839e-02
1.541928596844976788e-03
6.167714387379907154e-03
2.645000593049460363e-02
2.051951132724469384e-02
2.728027517494959267e-03
2.063812121930969079e-02
2.609417625429961019e-03
2.016368165104969780e-03
1.304708812714980510e-03
2.728027517494959267e-03
3.439686869884948320e-03
3.202467085754951825e-03
2.538251690190962070e-02
1.067489028584984014e-03
1.423318704779978627e-02
3.558296761949946568e-03
3.202467085754951825e-03
1.221681888269481736e-02
