5.699853237311853713e-03
5.222021229393494952e-03
6.041161814396395560e-03
1.075122017816307687e-02
5.017236083142769150e-03
3.276562340011604599e-03
1.843066316256527365e-02
1.668998941943411127e-02
4.095702925014505641e-03
2.252636608757978189e-03
1.256015563671115075e-02
1.897675688590054130e-02
8.737499573364278932e-03
4.983105225434315139e-03
5.563329806478036800e-03
7.713573842110652522e-03
1.471039967234376647e-02
1.006860302399399318e-02
8.532714427113553129e-03
6.348339533772483397e-03
5.051366940851223161e-03
1.648520427318338546e-02
4.437011502099047489e-03
6.177685245230212473e-03
7.508788695859926719e-03
1.638281170005802256e-02
1.040991160107853503e-02
5.699853237311853713e-03
5.358544660227311865e-03
1.044404245878698990e-02
6.860302399399297035e-03
9.385985869824909483e-03
1.682651285026792731e-02
1.163862247858288637e-02
1.979589747090344451e-02
1.317451107546332642e-02
1.723608314276937892e-02
1.590497969213966467e-02
1.307211850233796352e-02
1.361821222567323117e-02
1.409604423359159080e-02
4.437011502099047489e-03
1.897675688590054130e-02
1.419843680671695196e-02
1.331103450629714247e-02
3.037646336052424786e-03
1.235537049046042495e-02
7.850097272944469434e-03
1.218471620191815402e-02
1.259428649441960563e-02
1.232123963275197180e-02
9.147069865865728802e-03
7.679442984402197643e-03
1.266254820983651365e-02
6.689648110857026111e-03
8.839892146489641833e-03
1.570019454588893887e-02
5.631591521894944823e-03
1.290146421379569260e-02
1.296972592921260062e-02
8.737499573364278932e-03
2.122939349465852166e-02
1.911328031673436081e-02
9.863817877743267376e-03
6.109423529813304450e-03
6.723778968565480123e-03
5.085497798559678040e-03
2.228745008362060034e-02
5.358544660227311865e-03
6.996825830233113948e-03
9.181200723574183681e-03
9.112939008157275658e-03
2.525683470425611581e-03
1.208232362879279112e-02
4.368749786682139466e-03
1.372060479879859407e-02
9.556640158367180407e-03
1.068295846274616885e-02
7.679442984402197643e-03
7.747704699819106533e-03
6.553124680023209199e-03
7.986620703778285479e-03
1.095600532441380268e-02
1.085361275128843977e-02
1.252602477900269587e-02
1.354995051025632315e-02
6.211816102938666484e-03
4.983105225434315139e-03
1.071708932045462373e-02
8.089013276903648381e-03
1.153622990545752347e-02
5.358544660227311865e-03
4.027441209597597618e-03
1.184340762483361217e-02
1.030751902795317212e-02
8.805761288781186955e-03
5.563329806478036800e-03
1.511996996484521634e-02
9.795556162326359353e-03
8.327929280862827327e-03
