4.702157321424351756e-03
8.199239148413316886e-03
3.409654781314241240e-02
2.830745965359986877e-02
3.071761064247063942e-03
5.978119609650055753e-03
2.915810117908367027e-02
3.140284964911037313e-02
7.145388814063939609e-02
8.577302048628341127e-03
3.284421445618014752e-03
6.285295716074761757e-03
6.828761135133858129e-03
9.947780061907799884e-03
1.278325181352047389e-02
7.443113347983271004e-03
1.642210722809007289e-02
3.312776163134141527e-02
1.297228326362798688e-02
3.473452895725526440e-03
1.332671723257957026e-02
2.055717019919189002e-03
5.056591290375936007e-03
1.037310082464970064e-02
2.121878027456818028e-02
1.096382410623567526e-02
2.438505706386900201e-02
1.396469837669242139e-02
4.489496940053401379e-03
6.616100753762906884e-03
9.947780061907799884e-03
4.111434039838378005e-03
2.081708844308971865e-02
1.467356631459559163e-02
2.743318919685262466e-02
2.856737789749769565e-02
2.008459157392311276e-02
2.646440301505162754e-03
3.426195033198648626e-03
9.758748611800288630e-03
1.311405685120861989e-02
6.580657356867748720e-02
7.608515866827343134e-03
1.677654119704165628e-02
5.623685640698471502e-03
1.349211975142364239e-02
1.538243425249876013e-02
1.018406937454218938e-02
1.105833983128943002e-02
1.817064814158455763e-02
1.828879279790174978e-02
4.347723352472767505e-03
9.995037924434678131e-03
1.361026440774083801e-02
6.828761135133858129e-03
7.230452966612319760e-03
9.475201436639020883e-03
7.844805179461733502e-03
3.095389995510503065e-03
2.740956026558918814e-03
1.075116372486472488e-02
7.962949835778927385e-03
2.835471751612674441e-03
2.081708844308971865e-02
5.340138465537203755e-03
1.505162921481061414e-02
4.962075565322180380e-03
3.260792514354575629e-03
9.498830367902460006e-03
6.876018997660735509e-03
7.844805179461733502e-03
3.922402589730866751e-03
1.233430211951513401e-02
2.336901301954112664e-02
1.306679898868174164e-02
