3.546435772743446874e-02
1.672399478116474991e-02
7.270786383584390555e-02
1.945202229865970744e-02
2.811054441940457824e-02
3.155023128928952786e-02
7.353813308029889632e-03
1.909619262246471313e-02
3.439686869884948320e-03
1.138654963823983006e-02
9.370181473134859412e-03
3.593879729569446346e-02
2.028229154311469648e-02
1.862175305420472188e-02
2.170561024789467372e-02
6.879373739769896641e-03
4.032736330209939560e-03
1.660538488909974950e-02
9.370181473134859412e-03
7.353813308029889632e-03
2.004507175898469912e-02
1.079350017791483839e-02
5.811884711184912844e-03
4.139485233068437853e-02
2.419641798125963736e-02
1.292847823508480598e-02
3.582018740362945958e-02
1.648677499703475255e-02
1.245403866682481299e-02
2.787332463527458087e-02
1.020045071758984671e-02
3.688767643221444598e-02
8.065472660419879120e-03
1.138654963823983006e-02
7.353813308029889632e-03
1.043767050171984408e-02
3.119440161309453355e-02
2.395919819712964000e-02
4.685090736567430053e-02
7.235203415964891818e-03
3.119440161309453355e-02
1.968924208278970481e-02
9.132961689004863784e-03
5.337445142924919853e-03
9.014351796939865102e-03
1.530067607638477094e-02
5.539081959435417091e-02
4.151346222274937374e-03
2.680583560668959794e-02
2.716166528288459225e-02
