3.575685339690107094e-03
2.509252869957969822e-03
3.889341948434853376e-03
3.914434477134433321e-02
3.889341948434853376e-03
1.298538360203249468e-02
3.469042092716893844e-02
3.701147983188005954e-03
4.516655165924345940e-03
3.136566087447462386e-03
2.088953014240010203e-02
2.521799134307759968e-02
1.549463647199046494e-02
3.073834765698513390e-03
4.391192522426447947e-03
4.077535913681701665e-03
8.675741797879681083e-02
2.446521548209020826e-03
9.660623549338184443e-03
2.321058904711122400e-03
3.763879304936954950e-03
2.967191518725299446e-02
8.531459757857098175e-03
5.332162348660685926e-03
4.391192522426447947e-03
2.277146979486857625e-02
1.279718963678564726e-02
4.830311774669092222e-03
9.158772975346590739e-03
4.265729878928549088e-03
3.826610626685904380e-03
3.136566087447462386e-03
1.718838215921209348e-02
2.509252869957969822e-03
5.959475566150178490e-03
1.518097986324571866e-02
3.945800138008907776e-02
3.180478012671727334e-02
6.210400853145976209e-03
4.328461200677498517e-03
5.256884762561947477e-02
2.948372122200614964e-03
3.450222696192208668e-03
2.634715513455868682e-03
3.098927294398092988e-02
2.948372122200614964e-03
2.571984191706919252e-03
4.435104447650711768e-02
1.016247412332977815e-02
2.841728875227400933e-02
4.014804591932752235e-03
7.841415218618656702e-02
2.697446835204817678e-03
4.516655165924345940e-03
4.642117809422244799e-03
4.516655165924345940e-03
4.014804591932752235e-03
1.254626434978984954e-02
5.859105451351859922e-02
1.041339941032557587e-02
2.509252869957969822e-03
3.826610626685904380e-03
2.132864939464274544e-03
4.391192522426447947e-03
4.830311774669092222e-03
2.634715513455868682e-03
2.007402295966376118e-03
4.328461200677498517e-03
2.760178156953767108e-03
7.653221253371808759e-03
3.826610626685904293e-02
2.070133617715325114e-02
1.881939652468477475e-03
6.900445392384417335e-03
8.280534470861300456e-03
