1.179408908006105219e-02
9.490772859719716348e-02
9.809907034827251848e-02
4.967392812543360708e-02
6.243929512973498373e-03
5.688913556264742905e-03
8.935756903010962093e-02
8.949632301928681088e-02
4.023865686138476498e-03
9.019009296517275717e-03
1.304287498265575135e-02
4.440127653670042883e-03
1.040654918828916309e-02
1.359789093936450595e-02
4.162619675315665582e-03
1.123907312335229586e-02
3.205217149993062203e-02
7.215207437213820227e-03
1.873178853892049425e-02
5.411405577910364736e-03
7.215207437213820227e-03
2.150686832246427246e-02
5.966421534619120205e-03
2.317191619259053800e-02
2.594699597613431274e-02
5.411405577910364736e-03
1.054530317746635130e-02
2.594699597613431274e-02
7.492715415568197528e-03
4.856389621201609268e-03
1.110031913417510764e-02
5.133897599555987436e-03
2.220063826835021528e-02
4.440127653670042883e-03
5.633411960593866924e-02
8.463993339808519381e-03
7.492715415568197528e-03
2.511447204107117998e-02
6.937699458859442059e-03
1.526293880949077322e-02
8.741501318162897549e-03
2.497571805189399176e-03
1.318162897183293956e-02
6.660191480505064758e-03
4.162619675315665235e-02
1.942555848480643924e-03
1.012904120993478492e-02
9.435271264048842102e-03
1.054530317746635130e-02
1.609546274455390599e-02
