2.027372947882180240e-02
1.826000887402300446e-02
4.798798593808662610e-02
3.791938291409262946e-02
3.208300624594696143e-02
1.897675688590054130e-02
1.945458889381890266e-02
2.037612205194716530e-02
2.921601419843680714e-02
4.983105225434315139e-02
7.972968360694904222e-02
2.167309464486842641e-02
7.054848288337485507e-02
8.263080651216765660e-02
7.949076760298985633e-02
4.518925560599337810e-02
6.740844397419706868e-02
3.075190279531724719e-02
2.805556503634936208e-02
3.443803542783030469e-02
3.590566230929383151e-02
4.201508583910713857e-02
1.655346598860029522e-02
3.245844568073995989e-02
3.877265435680398581e-02
