2.855576369534426964e-02
2.389546306026408412e-02
2.549458582720336153e-02
1.731621510485676502e-02
3.015488646228354878e-03
2.869283136108191981e-02
3.106867090053456581e-03
1.918947320327134883e-03
9.046465938685063768e-03
9.274912048247818674e-03
2.649974870927948069e-03
3.061177868140905513e-03
4.477543747429981250e-03
2.878420980490702108e-03
4.568922191255082952e-04
5.482706629506099976e-04
6.743729154292502082e-02
1.009731804267373356e-02
5.071503632293142098e-03
4.112029972129574440e-03
6.396491067757115916e-04
1.425503723671585864e-02
3.426691643441312322e-03
1.242746836021382632e-02
3.792205418741718698e-03
8.361127609996802518e-03
5.985288070544158255e-03
1.690501210764380627e-03
4.112029972129574440e-04
1.005162882076118293e-02
5.939598848631607404e-04
6.396491067757115916e-04
1.781879654589482330e-03
4.112029972129574440e-03
1.005162882076118293e-02
7.264586284095582089e-03
3.929273084479371035e-03
3.367295654954995804e-02
7.424498560789509483e-02
2.202220496184949944e-02
9.137844382510165904e-04
5.482706629506099976e-04
9.594736601635674416e-04
2.010325764152236586e-03
4.294786859779777845e-03
5.025814410380591464e-03
4.431854525517430615e-03
6.030977292456709757e-03
1.165075158770046207e-02
1.187919769726321481e-03
5.482706629506099976e-04
5.025814410380591464e-03
4.660300635080184654e-03
4.843057522730388059e-03
7.767167725133641452e-04
5.665463517156302947e-03
4.751679078905285923e-03
1.941791931283410114e-02
6.762004843057522509e-03
4.034358294878238188e-02
5.939598848631607404e-04
1.507744323114177439e-03
1.293004980125188504e-02
2.723077625988029257e-02
9.686115045460776118e-03
2.878420980490702108e-03
5.482706629506099976e-04
3.015488646228354878e-03
1.964636542239685518e-03
2.165669118654909436e-02
4.386165303604879981e-03
1.457486179010371481e-02
1.233608991638872332e-03
1.964636542239685518e-03
2.275323251245031306e-02
7.173207840270479953e-03
1.964636542239685518e-03
2.284461095627541259e-03
2.293598940010051560e-02
1.736190432676931478e-03
2.741353314753049988e-04
1.827568876502033181e-03
8.041303056608946342e-03
5.071503632293142098e-03
7.456481016128295447e-02
3.837894640654269766e-03
2.983506190889569087e-02
2.627130259971672752e-02
1.069127792753689354e-02
5.939598848631607621e-03
4.568922191255082518e-03
5.665463517156302947e-03
4.568922191255082952e-04
2.001187919769726459e-02
2.097135285786082964e-02
1.370676657376524886e-03
4.157719194042125074e-03
8.041303056608946342e-03
2.741353314753049988e-04
4.797368300817837425e-03
