9.535160905840285583e-03
3.512954017941158098e-03
3.826610626685904380e-03
6.818894674110784204e-02
6.210400853145976209e-03
5.626999560880747986e-02
1.631014365472680666e-02
6.774982748886519343e-03
6.273132174894924772e-03
8.280534470861300456e-03
4.560567091148610280e-02
3.989712063233172290e-02
4.140267235430650228e-03
2.785270685653346706e-02
6.398594818392823631e-03
7.088639357631265625e-03
1.151119754093218733e-01
4.014804591932752235e-03
1.436547268050937867e-02
5.834012922652280497e-03
6.649520105388620483e-03
5.049871400790414966e-02
1.743930744620789119e-02
1.141710055830876328e-02
8.531459757857098175e-03
4.585659619848190399e-02
4.391192522426447947e-03
4.202998557179599658e-03
8.782385044852895895e-03
1.888212784643372374e-02
3.889341948434853376e-03
1.129163791481086442e-02
7.527758609873909899e-03
2.070133617715325114e-02
1.461639796750517466e-02
6.774982748886519343e-03
3.638416661439056524e-03
2.829182610877611220e-02
6.461326140141773061e-03
3.199297409196411816e-03
5.357254877360265871e-02
3.387491374443259672e-03
4.767580452920142792e-03
4.623298412897559884e-02
4.880496832068251939e-02
1.135436923655981471e-02
3.607051000564581722e-02
4.842858039018882454e-02
4.767580452920142792e-03
4.077535913681701665e-03
