1.603691689130534170e-01
6.391922145565860636e-02
5.839082560423995705e-02
7.260017361904326505e-02
7.218897062183031454e-03
7.355964727920683011e-02
1.009731804267373356e-02
9.731804267373326753e-03
3.042902179375885086e-02
3.106867090053456321e-02
2.037739297299766966e-02
1.731621510485676502e-02
1.658518755425595140e-02
1.745328277059441519e-02
2.832731758578151474e-03
2.010325764152236586e-03
1.811120756613514848e-01
4.619180335358889083e-02
2.097135285786082964e-02
2.138255585507378709e-02
5.665463517156302947e-03
5.336501119385936992e-02
1.183350847535066461e-02
4.303924704162288145e-02
2.247909718097500925e-02
