5.316509534273764631e-03
7.750289454407977008e-03
4.189409513007726765e-02
3.298598804376078053e-02
9.357056780321825265e-03
3.199357293069634428e-02
1.174357883792916113e-02
5.600056709435032379e-03
4.205949764892134152e-02
7.613241653080031479e-02
5.316509534273764631e-03
1.304317005741830252e-02
2.266014508163795640e-02
1.167269204413884376e-02
1.167269204413884376e-02
1.987193119255216064e-02
1.016044044327875026e-02
3.475815788851870092e-02
1.252333356962264527e-02
9.049880673897120129e-03
1.275962288225703477e-02
2.814205713475579490e-02
7.230452966612319760e-03
9.333427849058387876e-03
2.398336523239054038e-02
1.956475508612745551e-02
5.009333427849058627e-03
1.131825807518725864e-02
6.001748540913494877e-03
2.058079913045533088e-02
1.828879279790174978e-02
1.869048462938021141e-02
1.833605066042862802e-02
2.095886203067035339e-02
2.039176768034781789e-02
5.077857328513031565e-02
5.264525885494199253e-02
5.505540984381276752e-03
2.374707591975614915e-02
2.507029607050872966e-02
7.962949835778927385e-03
5.103849152902814254e-03
6.835849814512889866e-02
1.939935256728338164e-02
1.098745303749911438e-02
2.131329599962193677e-02
6.828761135133858129e-03
9.475201436639020883e-03
1.540606318376219926e-02
2.126603813709505852e-02
