5.206699705162787933e-03
2.070133617715325114e-03
4.077535913681701665e-03
9.836271250235242847e-02
4.579386487673295369e-03
4.604479016372874794e-02
3.124019823097672760e-02
1.737657612445894090e-02
3.136566087447462386e-03
5.896744244401229927e-03
5.206699705162787933e-03
3.701147983188005954e-03
5.206699705162787933e-03
2.189323129038328944e-02
1.875666520293582662e-02
4.140267235430650228e-03
2.095226146414904886e-02
3.387491374443259672e-03
3.952073270183802806e-03
4.798946113794617940e-02
2.321058904711122400e-03
6.586788783639671054e-03
3.324760052694310242e-03
4.265729878928549088e-03
1.229533906279405356e-02
3.512954017941158098e-03
7.778683896869706751e-03
1.568283043723731193e-03
3.387491374443259672e-03
2.885640800451665534e-03
4.202998557179599658e-03
4.290822407628128859e-02
2.948372122200614964e-03
1.285992095853459583e-02
6.461326140141773061e-03
1.643560629822470379e-02
3.180478012671727334e-02
3.575685339690107094e-03
4.729941659870773307e-02
1.009974280158082958e-02
4.830311774669092222e-03
4.911862492942726394e-02
3.011103443949563960e-03
4.014804591932752235e-03
3.857976287560378748e-02
1.568283043723731410e-02
9.660623549338184443e-03
3.406310770967944240e-02
8.594191079606046738e-03
4.673483470296719428e-02
4.077535913681701665e-03
1.900759048993162434e-02
1.555736779373941350e-02
2.383790226460071396e-03
4.202998557179599658e-03
2.917006461326140249e-02
4.202998557179599658e-03
3.450222696192208668e-03
4.830311774669092222e-03
2.239508186437488141e-02
2.258327582962172970e-03
2.571984191706919252e-03
2.509252869957969822e-03
2.383790226460071396e-03
2.697446835204817678e-03
5.143968383413838504e-03
2.151684335988959459e-02
2.245781318612383171e-02
8.719653723103945597e-03
2.760178156953767108e-03
2.383790226460071396e-03
3.512954017941158098e-03
7.904146540367605611e-03
1.819208330719528262e-03
8.092340505614453033e-03
