5.599999999999999943e-03
1.540000000000000049e-02
4.200000000000000261e-02
2.060000000000000026e-02
1.299999999999999940e-02
2.259999999999999856e-02
2.079999999999999905e-02
4.199999999999999740e-03
6.400000000000000307e-03
2.200000000000000133e-03
1.600000000000000077e-03
3.200000000000000153e-03
4.599999999999999922e-03
5.000000000000000104e-03
5.979999999999999899e-02
5.799999999999999600e-03
1.399999999999999986e-03
1.799999999999999951e-03
6.599999999999999964e-03
3.599999999999999901e-03
3.599999999999999901e-03
6.000000000000000125e-03
2.799999999999999972e-03
1.199999999999999895e-03
4.560000000000000164e-02
2.000000000000000042e-03
4.000000000000000083e-03
2.599999999999999881e-03
8.000000000000000167e-03
3.200000000000000153e-03
4.599999999999999922e-03
1.119999999999999989e-02
5.199999999999999761e-03
6.799999999999999621e-03
1.660000000000000017e-02
1.000000000000000021e-03
3.719999999999999696e-02
3.440000000000000002e-02
2.199999999999999872e-02
4.400000000000000265e-03
4.199999999999999740e-03
2.200000000000000133e-03
3.200000000000000153e-03
1.519999999999999997e-02
4.479999999999999954e-02
2.200000000000000133e-03
6.000000000000000125e-03
1.499999999999999944e-02
2.399999999999999790e-03
2.799999999999999972e-03
8.200000000000000691e-03
7.000000000000000146e-03
3.599999999999999901e-03
5.000000000000000104e-03
1.199999999999999895e-03
2.659999999999999865e-02
6.199999999999999782e-03
2.220000000000000098e-02
2.000000000000000042e-03
3.799999999999999992e-03
5.799999999999999600e-03
6.000000000000000125e-03
2.399999999999999790e-03
4.799999999999999580e-03
1.000000000000000021e-03
4.799999999999999580e-03
1.660000000000000017e-02
1.400000000000000029e-02
3.200000000000000153e-03
6.400000000000000307e-03
3.399999999999999811e-03
1.399999999999999986e-03
6.300000000000000044e-02
4.199999999999999740e-03
4.599999999999999922e-03
2.399999999999999790e-03
4.400000000000000265e-03
5.519999999999999907e-02
6.599999999999999964e-03
4.199999999999999740e-03
1.600000000000000077e-03
1.580000000000000154e-02
2.800000000000000058e-02
5.599999999999999943e-03
1.000000000000000021e-03
8.800000000000000530e-03
2.799999999999999972e-03
6.599999999999999964e-03
8.999999999999999320e-03
2.399999999999999790e-03
2.200000000000000133e-03
4.400000000000000265e-03
1.340000000000000045e-02
2.599999999999999881e-03
5.400000000000000286e-03
2.599999999999999881e-03
3.200000000000000153e-03
1.799999999999999951e-03
1.400000000000000029e-02
2.000000000000000042e-03
