2.039683640904675979e-02
5.189399195226862549e-02
1.012904120993478596e-01
1.048980158179547706e-01
9.712779242403218535e-03
6.382683502150686590e-03
9.019009296517274676e-02
9.032884695434993672e-02
3.094213958651311283e-02
1.665047870126266233e-02
2.927709171638684729e-02
1.373664492854169590e-02
8.880255307340085766e-03
1.234910503676980680e-02
1.186346607464964648e-01
3.538226724018315311e-02
2.483696406271680354e-02
1.665047870126266233e-02
3.163590953239905912e-02
5.675038157347023909e-02
2.983210767309560016e-02
3.121964756486748926e-02
2.331067018176772448e-02
2.483696406271680354e-02
1.998057444151519341e-02
