1.020000000000000073e-02
2.380000000000000171e-02
7.259999999999999787e-02
3.839999999999999664e-02
3.500000000000000333e-02
3.719999999999999696e-02
3.180000000000000188e-02
5.400000000000000286e-03
1.400000000000000029e-02
5.400000000000000286e-03
8.999999999999999320e-03
1.319999999999999993e-02
1.179999999999999973e-02
5.659999999999999754e-02
3.599999999999999901e-03
9.199999999999999845e-03
7.199999999999999803e-03
3.200000000000000153e-03
6.799999999999999621e-03
1.600000000000000033e-02
9.199999999999999845e-03
9.400000000000000369e-03
7.220000000000000029e-02
4.599999999999999922e-03
1.039999999999999952e-02
9.599999999999999159e-03
2.719999999999999848e-02
8.600000000000000006e-03
9.400000000000000369e-03
7.599999999999999985e-03
5.999999999999999778e-02
7.199999999999999803e-03
2.299999999999999961e-02
7.799999999999999642e-03
2.779999999999999832e-02
9.599999999999999159e-03
1.239999999999999956e-02
4.400000000000000265e-03
5.000000000000000278e-02
7.660000000000000142e-02
8.999999999999999320e-03
2.440000000000000155e-02
2.599999999999999881e-03
6.199999999999999782e-03
5.000000000000000104e-03
4.799999999999999580e-03
6.799999999999999621e-03
5.199999999999999761e-03
2.179999999999999993e-02
5.680000000000000326e-02
