1.799999999999999951e-03
1.700000000000000122e-02
2.100000000000000130e-02
7.099999999999999367e-02
2.840000000000000163e-02
3.239999999999999825e-02
3.119999999999999857e-02
6.400000000000000307e-03
2.799999999999999972e-03
4.799999999999999580e-03
7.799999999999999642e-03
7.400000000000000328e-03
3.000000000000000062e-03
8.399999999999999481e-03
6.799999999999999621e-03
2.000000000000000042e-03
7.480000000000000537e-02
3.399999999999999811e-03
4.400000000000000265e-03
1.000000000000000021e-02
2.200000000000000133e-03
3.599999999999999901e-03
8.000000000000000167e-03
1.000000000000000021e-02
2.000000000000000042e-03
3.139999999999999736e-02
1.319999999999999993e-02
4.599999999999999922e-03
7.400000000000000328e-03
5.580000000000000238e-02
3.799999999999999992e-03
7.799999999999999642e-03
1.899999999999999953e-02
1.559999999999999928e-02
1.179999999999999973e-02
2.319999999999999840e-02
6.400000000000000307e-03
1.559999999999999928e-02
2.200000000000000133e-03
5.000000000000000104e-03
2.599999999999999881e-03
5.599999999999999943e-03
3.200000000000000153e-03
2.340000000000000066e-02
2.799999999999999972e-03
3.799999999999999992e-03
4.580000000000000043e-02
1.060000000000000005e-02
2.200000000000000133e-03
5.799999999999999600e-03
6.199999999999999782e-03
3.599999999999999901e-03
2.259999999999999856e-02
3.620000000000000301e-02
2.799999999999999972e-03
1.880000000000000074e-02
3.599999999999999901e-03
2.399999999999999790e-03
5.460000000000000270e-02
6.199999999999999782e-03
5.979999999999999899e-02
4.000000000000000083e-03
4.400000000000000265e-03
1.959999999999999937e-02
1.700000000000000122e-02
2.000000000000000042e-03
2.200000000000000133e-03
6.199999999999999782e-03
7.000000000000000146e-03
2.599999999999999881e-03
5.400000000000000286e-03
1.399999999999999986e-03
4.199999999999999740e-03
4.400000000000000265e-03
3.599999999999999901e-03
