6.041161814396395560e-03
1.529062425338748726e-02
9.112939008157275658e-03
6.177685245230212473e-03
1.112665961295607360e-02
4.334618928973685455e-03
4.914843510017407116e-03
1.395952080275777302e-02
1.262841735212805877e-02
1.249189392129424273e-02
1.675825113485101756e-02
2.498378784258848545e-02
5.392675517935765876e-03
1.849892487798218341e-02
1.365234308338168605e-02
7.850097272944469434e-03
9.693163589200996452e-03
6.962694972524659937e-03
1.815761630089764156e-02
8.054882419195195237e-03
1.413017509130004394e-02
5.699853237311853713e-03
1.351581965254786827e-02
2.921601419843680714e-02
1.143383733233216230e-02
1.989829004402880741e-02
2.170722550257687955e-02
1.955698146694426556e-02
1.187753848254206705e-02
1.058056588962080595e-02
1.877197173964981897e-02
2.279941294924741485e-02
1.099013618212225755e-02
1.163862247858288637e-02
1.211645448650124600e-02
1.334516536400559734e-02
3.239018396532304667e-02
1.600737226526502757e-02
2.160483292945151665e-02
5.222021229393494952e-03
2.044438376736407506e-02
4.710058363766681314e-03
1.778217686610464657e-02
1.597324140755657096e-02
1.150209904774907033e-02
1.460800709921840357e-02
1.819174715860609470e-02
1.160449162087443323e-02
5.563329806478036800e-03
1.232123963275197180e-02
7.918358988361377457e-03
1.624628826922420652e-02
8.669237857947370909e-03
1.921567288985972372e-02
1.907914945902590420e-02
1.494931567630294542e-02
1.651933513089183861e-02
1.843066316256527365e-02
9.112939008157275658e-03
1.382299737192395697e-02
1.290146421379569260e-02
1.385712822963241012e-02
3.890917778763780272e-03
1.242363220587733297e-02
1.802109287006382551e-02
7.850097272944469434e-03
1.542714768422130504e-02
1.699716713881019997e-02
1.167275333629134125e-02
1.187753848254206705e-02
9.249462438991091703e-03
8.430321853988190228e-03
1.027338817024471898e-02
1.122905218608143650e-02
1.064882760503771397e-02
