3.119018926773942189e-03
7.301339760402637130e-03
2.861463576002457390e-02
2.554287469577750866e-02
6.828761135133858129e-03
2.766947850948701590e-02
5.930861747123177506e-03
1.672928333451478150e-02
2.859100682876113565e-03
4.761229649582949391e-02
4.584012665107157006e-03
4.229578696155572755e-03
1.479171097091278551e-02
7.632144798090782258e-03
4.324094421209328382e-03
6.497956097445712134e-03
4.324094421209328382e-03
1.977741546749840415e-02
5.812717090805982756e-03
7.277710829139198007e-03
4.678528390160912633e-03
8.010207698305805632e-03
1.368115120153115538e-02
7.514000141773587507e-03
1.547694997755251489e-02
3.851515795940549814e-03
2.528295645187968003e-03
3.473452895725526440e-03
1.136551593771413689e-02
2.315635263817017453e-02
5.694572434488788006e-03
9.286169986531509629e-03
1.306679898868174164e-02
1.557146570260627139e-02
5.741830297015666253e-03
8.482786323574584633e-03
3.189905720564258692e-03
1.866685569811677315e-03
4.321731528082984469e-02
1.542969211502563665e-02
9.309798917794948753e-03
8.766333498735852381e-03
1.068027693107440751e-02
6.167151059757567007e-03
1.008955364948843289e-02
4.087805108574938881e-03
9.357056780321825265e-03
8.081094492096123003e-03
8.577302048628341127e-03
2.362893126343895440e-03
1.273599395099359738e-02
9.593346092956214766e-03
3.851515795940549814e-03
7.277710829139198007e-03
1.216889960067106188e-02
6.686987547553224255e-03
4.016918314784622378e-03
1.056213227475721189e-02
2.436142813260556289e-02
1.034947189338626151e-02
1.259422036341296264e-02
6.308924647338200881e-03
5.576427778171593255e-03
7.372226554192953633e-03
8.057465560832683879e-03
1.070390586233784663e-02
1.162543418161196551e-02
2.575553507714846251e-03
1.887951607948772439e-02
3.993289383521183254e-03
8.742704567472413257e-03
7.632144798090782258e-03
1.396469837669242139e-02
3.922402589730866751e-03
4.371352283736206629e-03
1.559509463386971094e-03
4.489496940053401379e-03
5.032962359112497751e-03
1.188535242550979414e-02
1.935209470475650340e-02
6.616100753762906884e-03
3.804257933413671567e-03
1.013681151201531114e-02
5.177098839819475190e-02
7.632144798090782258e-03
1.143640273150445426e-02
8.317383804730512503e-03
3.898773658467427627e-03
8.671817773682095887e-03
8.364641667257390750e-03
2.504666713924529314e-03
1.058576120602065102e-02
1.441364807069776127e-03
8.506415254838023757e-03
9.286169986531509629e-03
4.725786252687790880e-03
1.951749722360057726e-02
1.795798776021360595e-03
1.937572363601994252e-03
4.584012665107157006e-03
