4.016918314784622378e-03
7.395855485456392757e-03
2.974882446066964489e-02
2.592093759599253464e-02
7.254081897875758883e-03
3.421469246945960802e-02
7.797547316934855255e-03
4.678528390160912633e-03
3.010325842962122828e-02
7.147751707190283521e-02
3.544339689515843377e-03
7.206824035348881503e-03
1.748540913494482651e-02
8.033836629569244756e-03
1.013681151201531114e-02
6.238037853547884377e-03
1.091656624370879701e-02
3.182817041185227042e-02
1.311405685120861989e-02
8.789962429999291504e-03
8.199239148413316886e-03
1.292502540110110863e-02
3.662484345833038127e-03
1.672928333451478150e-02
3.686113277096476817e-03
1.131825807518725864e-02
1.505162921481061414e-02
6.734245410080102502e-03
6.521585028709151258e-03
1.516977387112780976e-02
1.268873608846671913e-02
4.536754802580279626e-03
9.924151130644360760e-03
8.624559911155217640e-03
1.351574868268708152e-02
1.772169844757921428e-02
2.759859171569669853e-02
4.205949764892133631e-03
7.192646676590817856e-02
1.665839654072446413e-02
1.587864180903097652e-02
1.930483684222962515e-02
6.521585028709151258e-03
1.885588714822428527e-02
1.197986815056355063e-02
4.418610146263084876e-03
1.214527066940762276e-02
8.057465560832683879e-03
1.079842158739160313e-02
3.166276789300820002e-03
6.568842891236029505e-03
8.789962429999291504e-03
2.339264195080456576e-02
3.095389995510503065e-03
7.466742279246709260e-03
1.613856005292880688e-02
1.854871104179958013e-02
8.648188842418656763e-03
1.096382410623567526e-02
8.388270598520828139e-03
8.270125942203634256e-03
2.088797523688003602e-02
1.363389333900427713e-02
8.931736017579924511e-03
8.884478155053046264e-03
3.284421445618014752e-03
5.670943503225348882e-03
7.703031591881099628e-03
7.655773729354221381e-03
8.506415254838023757e-03
1.205075494435386627e-02
1.757992485999858301e-02
9.876893268117482513e-03
3.827886864677110691e-03
1.280688074478391301e-02
