3.819238524492942627e-02
1.826592337800972757e-02
7.341952318823390111e-02
2.194283003202467108e-02
3.546435772743446874e-02
3.190606096548451870e-02
4.981615466729925543e-03
3.558296761949946568e-03
2.051951132724469384e-02
1.162376942236982569e-02
8.302692444549874748e-03
3.166884118135452481e-02
5.693274819119915030e-03
1.814731348594472715e-02
1.755426402561973548e-02
3.534574783536947179e-02
3.202467085754951825e-03
1.506345629225477357e-02
8.539912228679872111e-03
8.895741904874866421e-03
6.879373739769896641e-03
6.879373739769896641e-03
3.498991815917447401e-02
1.672399478116474991e-02
8.302692444549874748e-03
8.302692444549874748e-03
3.842960502905942016e-02
2.360336852093464569e-02
1.530067607638477094e-02
6.570988020400901630e-02
6.404934171509903650e-03
2.739888506701458962e-02
2.123117067963468246e-02
5.218835250859922038e-03
2.206143992408966803e-02
8.302692444549874748e-03
4.092041276242438380e-02
2.538251690190962070e-02
1.399596726366979065e-02
1.280986834301980730e-02
3.166884118135452481e-02
2.822915431146957518e-02
9.963230933459851085e-03
9.014351796939865102e-03
2.075673111137468774e-02
6.167714387379907154e-03
3.914126438144940878e-03
7.828252876289881756e-03
6.404934171509903650e-03
5.491638002609417618e-02
