2.275565422505897162e-02
5.702788955182461206e-02
1.005966421534619099e-01
1.021229360344109854e-01
9.712779242403218535e-03
8.186485361454141213e-03
9.088386291105869652e-02
9.088386291105869652e-02
3.524351325100596316e-02
1.595670875537671604e-02
1.984182045233800346e-02
9.157763285694463934e-03
2.053559039822394974e-02
1.082281115582072947e-02
3.468849729429721029e-02
1.184959067573192748e-01
2.233939225752740523e-02
5.994172332454558022e-02
3.302344942417094475e-02
3.343971139170251461e-02
2.788955182461495819e-02
3.330095740252532466e-02
1.221035104759261858e-02
2.400444012765367077e-02
6.937699458859442059e-03
