4.560383733843717882e-03
7.395855485456392757e-03
4.111434039838378351e-02
3.596323338295408928e-02
8.506415254838023757e-03
3.846790009687861556e-02
6.001748540913494877e-03
8.506415254838023757e-03
4.224852909902884757e-02
7.350960516055858596e-02
5.458283121854398505e-03
1.228704425698825577e-02
2.147869851846601064e-02
1.509888707733749239e-02
9.333427849058387876e-03
1.639847829682663377e-02
3.284421445618014579e-02
9.616975024219653889e-03
1.535880532123532101e-02
1.542969211502563665e-02
8.600930979891780251e-03
3.123744713026629927e-02
2.592093759599253464e-02
2.939439049171805804e-02
6.994163653977930259e-03
7.301339760402637130e-03
1.398832730795586052e-02
1.760355379126202213e-02
1.127100021266038213e-02
2.993785591077715441e-02
1.973015760497152590e-02
3.662484345833038127e-03
5.647314571961909759e-03
1.578412608397722003e-02
3.782991895276576616e-02
7.277710829139198700e-02
6.757874341343540758e-03
1.748540913494482651e-02
9.262541055268070506e-03
3.508896292620684865e-02
1.932846577349306427e-02
1.805250348526736201e-02
4.229578696155572755e-03
2.303820798185298238e-02
1.767444058505233950e-02
1.160180525034852639e-02
1.606767325913848951e-02
1.961201294865433375e-02
9.168025330214314012e-03
3.537251010136811813e-02
