1.137782711252948581e-02
7.908977383099764780e-02
8.824753711669210132e-02
1.803801859303455143e-02
3.607603718606910113e-03
4.717635632024421051e-03
1.526293880949077322e-03
8.006105175523796358e-02
1.762175662550298158e-02
8.033855973359234348e-02
6.521437491327875674e-03
6.937699458859442059e-03
9.157763285694463934e-03
3.468849729429721029e-03
8.741501318162897549e-03
4.578881642847231967e-03
9.574025253226030319e-03
3.885111696961287848e-03
2.233939225752740523e-02
4.454003052587762052e-02
1.234910503676980680e-02
8.186485361454141213e-03
2.636325794366587826e-03
7.076453448036631143e-03
8.186485361454141213e-03
5.550159567087553820e-03
6.105175523796309289e-03
2.497571805189399176e-03
4.995143610378798352e-03
3.468849729429721029e-03
4.717635632024421051e-03
6.660191480505064758e-03
2.081309837657832791e-03
3.579852920771472297e-02
6.243929512973498373e-03
9.157763285694463934e-03
4.440127653670042883e-03
1.068405716664354126e-02
2.358817816012210525e-03
7.492715415568197528e-03
7.492715415568197528e-03
4.023865686138476498e-03
2.220063826835021441e-03
1.082281115582072947e-02
4.093242680727070953e-02
1.609546274455390599e-02
5.272651588733175652e-03
1.859303454974330430e-02
5.272651588733175652e-03
3.441098931594283039e-02
5.411405577910364736e-03
4.717635632024421051e-03
1.859303454974330430e-02
1.387539891771888455e-03
4.995143610378798352e-03
2.913833772720965561e-03
2.122936034410989256e-02
6.105175523796309289e-03
7.353961426391008444e-03
2.220063826835021528e-02
4.162619675315665582e-03
4.856389621201609268e-03
5.966421534619120205e-03
1.665047870126266190e-03
6.521437491327875674e-03
1.443041487442764045e-02
1.207159705841542863e-02
7.631469404745386612e-03
3.607603718606910113e-03
6.382683502150686590e-03
2.317191619259053800e-02
2.913833772720965561e-03
7.492715415568197528e-03
1.248785902594699588e-03
2.775079783543776910e-03
