3.331679308144892566e-03
7.395855485456392757e-03
2.384159164480990564e-02
3.100115781763190803e-02
7.348597622929514510e-03
2.762222064696013765e-02
6.946905791451052879e-03
2.292006332553578503e-03
3.707379315233572115e-02
7.452564920488646827e-02
4.135062971101817128e-03
9.357056780321825265e-03
1.909217646085867651e-02
1.023132723706906763e-02
9.380685711585264389e-03
1.056213227475721189e-02
3.024503201720186302e-02
6.001748540913494877e-03
6.639729685026346008e-03
7.537629073037026631e-03
4.229578696155572755e-03
5.954490678386616630e-03
1.649299402188039027e-02
1.112922662507974739e-02
1.292502540110110863e-02
2.410150988870773253e-02
4.324094421209328382e-03
7.490371210510148384e-03
1.594952860282129389e-02
7.608515866827343134e-03
4.182320833628695375e-03
2.509392500177216878e-02
1.171994990666572201e-02
9.309798917794948753e-03
2.195127714373478964e-02
3.166276789300820002e-03
9.451572505375581759e-03
7.076864913399967538e-02
1.741452234115450914e-02
3.898773658467427627e-03
1.654025188440726851e-02
5.103849152902814254e-03
1.429550341438056739e-02
1.327945937005269202e-02
1.120011341887006476e-02
8.033836629569244756e-03
1.590227074029441565e-02
9.120767467687435764e-03
1.200349708182698975e-02
7.065050447768247630e-03
1.205075494435386627e-02
9.569717161692777377e-03
1.880862928569740702e-02
9.026251742633681005e-03
2.384159164480990564e-02
1.961201294865433375e-03
3.733371139623354630e-03
1.101108196876255350e-02
1.651662295314382939e-02
4.135062971101817128e-03
1.148366059403133251e-02
1.949386829233713814e-02
1.363389333900427713e-02
1.984830226128872152e-02
3.993289383521183254e-03
1.460267952080527426e-02
5.032962359112497751e-03
8.081094492096123003e-03
1.389381158290210576e-02
6.521585028709151258e-03
6.616100753762906884e-03
9.498830367902460006e-03
2.055717019919189002e-03
9.876893268117482513e-03
1.044398761844001801e-02
