8.280534470861300456e-03
3.450222696192208668e-03
4.579386487673295369e-03
1.169311837400413973e-01
4.767580452920142792e-02
4.516655165924345940e-03
6.072391945298287463e-02
6.649520105388620483e-03
9.660623549338184443e-03
2.898187064801455506e-02
8.343265792610250753e-03
1.135436923655981471e-02
4.140267235430650228e-03
2.114045542939589628e-02
2.509252869957969909e-02
4.955774418166991081e-03
5.457624992158584785e-03
5.081237061664889074e-03
5.834012922652280497e-03
2.502979737783075226e-02
5.307069819961106327e-02
1.110344394956401699e-02
4.642117809422244799e-03
2.019948560316165917e-02
1.781569537670158604e-02
3.889341948434853376e-03
8.907847688350793020e-03
7.088639357631265625e-03
3.575685339690107094e-03
5.834012922652280497e-03
1.982309767266796433e-02
2.371243962110281683e-02
6.774982748886519343e-03
4.391192522426447947e-03
4.880496832068251939e-02
7.565397402923279557e-02
7.025908035882316195e-03
6.693432030612884998e-02
5.225519101687472329e-02
5.859105451351859922e-02
3.575685339690107094e-03
3.387491374443259672e-03
5.457624992158584785e-03
4.215544821529389891e-02
2.885640800451665534e-03
3.952073270183802806e-03
4.704849131171193362e-03
1.806662066369738376e-02
2.948372122200614964e-03
4.893043096418041651e-03
