3.390140265911271295e-02
4.418147758943664904e-02
4.267373326632247638e-02
2.508338282999040408e-02
2.741353314753049771e-03
2.732215470370539731e-02
5.939598848631607404e-04
9.594736601635674416e-04
1.293004980125188504e-02
1.137661625622515653e-02
4.157719194042125074e-03
7.447343171745785494e-03
5.025814410380591464e-04
3.152556311966007215e-03
1.516882167496687479e-02
6.615799332937359611e-02
9.594736601635674850e-03
5.025814410380591464e-04
7.401653949833233992e-03
1.886964864988349352e-02
2.485493672042765265e-02
9.868871933110978656e-03
3.335313199616210620e-03
8.680952163384657392e-04
8.955087494859962499e-03
2.467217983277744664e-03
3.655137753004066362e-03
3.929273084479371035e-03
5.665463517156302947e-03
3.289623977703659552e-03
1.727052588294421265e-02
9.078448394023849732e-02
9.960250376936079925e-03
1.553433545026728290e-03
6.396491067757115916e-04
3.472380865353862783e-02
1.781879654589482330e-03
2.649974870927948069e-03
5.025814410380591464e-04
8.680952163384657392e-04
1.000593959884863229e-02
7.812856947046191436e-03
1.343263124228994375e-02
3.609448531091515727e-03
6.579247955407319104e-03
2.741353314753049771e-03
2.421528761365194030e-03
4.797368300817837425e-03
9.594736601635674850e-03
3.061177868140905513e-03
3.362726732763741261e-02
7.447343171745785494e-03
6.624937177319870606e-03
3.463243020971353003e-02
5.482706629506099542e-03
2.252478640288755815e-02
6.899072508795175279e-03
3.486087631927628494e-02
2.613423493397907388e-02
6.076666514369260391e-03
1.324987435463974034e-03
1.544295700644218033e-02
4.331338237309818873e-02
2.069721752638552584e-02
4.843057522730388059e-03
2.969799424315803810e-03
4.112029972129574440e-04
1.279298213551423183e-03
7.036140174532828050e-03
8.224059944259148880e-04
8.278887010554210335e-02
6.853383286882624428e-04
2.924110202403253176e-03
4.523232969342531884e-03
2.284461095627541476e-04
