9.296517274871652151e-03
6.146801720549465581e-02
9.268766477036215201e-02
9.796031635909532853e-02
6.105175523796309289e-03
4.440127653670042883e-03
8.963507700846398696e-02
8.033855973359234348e-02
1.151658110170667403e-02
1.928680449562925059e-02
1.193284306923824041e-02
1.456916886360482867e-02
3.468849729429721029e-03
3.191341751075343295e-03
1.512418482031358327e-02
1.110031913417510764e-02
1.054530317746635130e-02
3.177466352157624213e-02
2.761204384626057828e-02
1.956431247398362702e-02
6.243929512973498373e-03
1.262661301512418496e-02
2.081309837657832618e-02
6.521437491327875674e-03
2.178437630081864890e-02
2.053559039822394974e-02
1.443041487442764045e-02
8.047731372276952996e-03
6.660191480505064758e-03
9.157763285694463934e-03
4.995143610378798352e-03
5.272651588733175652e-03
4.717635632024421051e-03
3.885111696961287848e-03
1.207159705841542863e-02
7.908977383099764780e-03
2.913833772720965561e-03
4.731511030942139873e-02
8.741501318162897549e-03
8.741501318162897549e-03
2.691827390037463547e-02
1.845428056056611782e-02
1.873178853892049425e-02
1.873178853892049425e-02
7.908977383099764780e-03
2.220063826835021441e-03
3.052587761898154645e-02
2.081309837657832791e-03
9.851533231580408487e-03
9.574025253226030319e-03
