4.983105225434315139e-03
1.167275333629134125e-02
6.928564114816205058e-03
1.354995051025632315e-02
7.747704699819106533e-03
3.856786921055326261e-03
4.744189221475135325e-03
7.713573842110652522e-03
1.942045803611044605e-02
1.109252875524761872e-02
1.447148366838458579e-02
6.655517253148571233e-03
2.027372947882180240e-02
2.146830949861770060e-02
1.924980374756817686e-02
1.645107341547493232e-02
1.136557561691525255e-02
2.204853407966142140e-02
8.396190996279737084e-03
1.942045803611044605e-02
6.280077818355575374e-03
6.518993822314755188e-03
7.201610976483838883e-03
6.109423529813304450e-03
1.361821222567323117e-02
1.525649339567903412e-02
3.890917778763780272e-03
1.494931567630294542e-02
2.150244035632615375e-02
8.566845284822008008e-03
2.041025290965561845e-02
1.443735281067613264e-02
1.781630772381309971e-02
1.484692310317758251e-02
3.266323082699068570e-02
1.570019454588893887e-02
5.426806375644219887e-03
2.692924673197037364e-02
9.727294446909451331e-03
1.498344653401140029e-02
2.150244035632615375e-02
2.805556503634936208e-02
1.344755793713096025e-02
1.672412027714256441e-02
1.600737226526502757e-02
1.798696201235536890e-02
9.829687020034814232e-03
1.494931567630294542e-02
1.071708932045462373e-02
2.471074098092084989e-02
1.682651285026792731e-02
1.040991160107853503e-02
2.901122905218608133e-02
2.447182497696167094e-02
1.092187446670534780e-02
1.010273388170244632e-02
1.522236253797057924e-02
6.143554387521758461e-03
1.747499914672855786e-02
7.304003549609201784e-03
1.351581965254786827e-02
7.406396122734564685e-03
1.327690364858868932e-02
2.198027236424451511e-02
9.966210450868630277e-03
1.505170824942830832e-02
9.522509300658725528e-03
1.126318304378988965e-02
5.119628656268132051e-03
1.303798764462951038e-02
3.617870917096146447e-03
7.679442984402197643e-03
1.061469674732926083e-02
5.153759513976586062e-03
2.628076043550974482e-03
