3.111436012244711558e-02
2.599716726824142024e-02
2.430666605747704156e-02
2.106273130168593091e-02
2.604285649015397434e-03
2.576872115867866880e-02
8.680952163384657392e-04
3.655137753004066470e-04
6.807694064970073143e-03
1.178781925343811397e-02
4.020651528304473171e-03
3.700826974916616996e-03
1.918947320327134883e-03
1.918947320327134883e-03
1.580847078174258541e-02
6.725453465527482522e-02
8.680952163384656958e-03
1.005162882076118293e-03
1.050852103988669144e-03
6.168044958194361660e-03
1.695070132955635647e-02
3.837894640654269766e-03
4.294786859779777845e-03
5.574085073331200811e-03
5.893909626719056986e-03
7.310275506008132940e-04
1.571709233791748414e-02
4.568922191255082518e-03
3.609448531091515727e-03
4.249097637867227210e-03
8.041303056608946342e-03
5.482706629506099976e-04
3.974962306391922537e-03
7.374240416685703958e-02
8.589573719559555690e-03
3.152556311966007302e-02
1.142230547813770630e-03
2.147393429889888922e-03
5.528395851418650177e-03
2.056014986064787220e-03
4.157719194042125074e-03
5.939598848631607404e-04
5.071503632293142098e-03
2.741353314753049988e-04
8.361127609996802518e-03
4.431854525517430615e-03
6.944761730707725914e-03
1.233608991638872332e-02
3.198245533878557850e-03
3.609448531091515727e-03
9.731804267373326753e-03
2.238771873714990625e-03
3.655137753004066470e-04
5.482706629506099542e-03
3.001781879654589341e-02
4.431854525517430615e-03
1.644811988851829776e-03
4.112029972129574440e-04
4.249097637867227210e-03
3.033764334993374959e-02
3.645999908621556235e-02
5.482706629506099976e-04
3.792205418741718698e-03
1.050852103988669101e-02
1.283867135742678377e-02
3.243934755791108918e-03
2.946954813359528580e-02
5.939598848631607621e-03
6.213734180106913162e-03
5.939598848631607404e-04
5.939598848631607404e-04
3.335313199616210620e-03
2.330150317540092327e-03
8.283455932745464878e-02
5.025814410380591464e-04
6.899072508795175279e-03
2.220496184949970198e-02
3.655137753004066470e-04
1.005162882076118293e-03
4.203408415954676576e-03
8.680952163384657392e-04
6.396491067757115916e-04
1.873258098414584032e-03
1.777310732398227136e-02
6.122355736281811026e-03
4.249097637867227210e-03
6.853383286882624428e-04
2.083428519212317948e-02
1.886964864988349352e-02
1.370676657376524886e-03
1.873258098414584032e-03
2.878420980490702108e-03
1.402659112715310373e-02
1.585416000365513778e-02
1.809293187737012754e-02
4.660300635080184654e-03
6.853383286882624645e-03
4.888746744642938694e-03
2.467217983277744664e-03
1.841275643075798371e-02
