5.694572434488788006e-03
6.261666784811322634e-03
4.104345360459346614e-02
1.171994990666572201e-02
4.208312658018478064e-02
2.629900049620755714e-02
1.025495616833250676e-02
3.974386238510432129e-02
6.568842891236029505e-03
7.355686302308546420e-02
4.962075565322180380e-03
1.068027693107440751e-02
2.332175515701424839e-02
1.306679898868174164e-02
1.533517638997188189e-02
9.876893268117482513e-03
1.134188700645069776e-02
1.361026440774083801e-02
3.414380567566929064e-02
8.837220292526169751e-03
1.389381158290210576e-02
1.909217646085867651e-02
2.688972377779353176e-02
3.159188109921787918e-02
1.401195623921929964e-02
5.411025259327520258e-03
5.245622740483448128e-03
1.687105692209541277e-02
1.476808203964934639e-02
7.277710829139198007e-03
2.209305073131542091e-02
2.889818293518583991e-02
1.987193119255216064e-02
1.164906311287540464e-02
1.956475508612745551e-02
1.098745303749911438e-02
5.177098839819475190e-02
2.537747217693343826e-02
7.135937241558563959e-02
1.550057890881595402e-02
2.140781172467569327e-02
2.188039034994447227e-02
5.623685640698471502e-03
2.041539661161125702e-02
8.600930979891780251e-03
5.718201365752227129e-03
8.033836629569244756e-03
2.707875522790104128e-02
3.104841568015878628e-02
9.664232886746532136e-03
