2.760178156953767108e-03
1.568283043723731193e-03
3.262028730945360812e-03
6.687158898437990662e-02
2.885640800451665534e-03
3.249482466595571273e-02
2.433975283859230940e-02
1.549463647199046494e-02
3.136566087447462386e-03
3.952073270183802806e-03
3.324760052694310242e-03
2.070133617715325114e-03
4.391192522426447947e-03
2.013675428141270887e-02
1.430274135876042838e-02
4.014804591932752235e-03
1.831754595069318148e-02
2.258327582962172970e-03
3.512954017941158098e-03
3.475315224891788179e-02
2.321058904711122400e-03
4.391192522426447947e-03
1.317357756727934341e-03
3.199297409196411816e-03
1.009974280158082958e-02
2.195596261213223974e-03
3.952073270183802806e-03
1.254626434978984911e-03
1.568283043723731193e-03
2.885640800451665534e-03
3.701147983188005954e-03
3.826610626685904293e-02
1.756477008970579049e-03
7.904146540367605611e-03
4.391192522426447947e-03
1.216987641929615470e-02
2.502979737783075226e-02
2.007402295966376118e-03
4.071262781506806289e-02
9.974280158082930725e-03
4.391192522426447947e-03
3.569412207515212238e-02
1.819208330719528262e-03
3.073834765698513390e-03
2.571984191706919165e-02
1.166802584530456099e-02
9.660623549338184443e-03
2.804090082178031448e-02
5.143968383413838504e-03
4.209271689354494861e-02
3.262028730945360812e-03
1.348723417602408839e-02
1.223260774104510326e-02
2.258327582962172970e-03
3.763879304936954950e-03
2.126591807289379688e-02
4.202998557179599658e-03
2.070133617715325114e-03
4.391192522426447947e-03
1.982309767266796433e-02
1.380089078476883554e-03
2.195596261213223974e-03
2.509252869957969822e-03
1.693745687221629836e-03
2.697446835204817678e-03
5.143968383413838504e-03
1.932124709867636889e-02
2.183049996863433914e-02
8.719653723103945597e-03
1.881939652468477475e-03
2.258327582962172970e-03
2.822909478702716104e-03
7.088639357631265625e-03
1.631014365472680406e-03
7.841415218618657049e-03
1.693745687221629836e-03
1.881939652468477475e-03
3.431403299667523665e-02
6.147669531397026779e-03
1.631014365472680406e-03
1.643560629822470379e-02
1.756477008970579049e-03
2.070133617715325114e-02
4.328461200677498517e-03
4.773853585095037821e-02
2.948372122200614964e-03
7.151370679380214188e-03
4.704849131171193362e-03
3.952073270183802806e-03
3.826610626685904380e-03
1.693745687221629836e-03
4.077535913681701665e-03
7.025908035882316195e-03
1.969763502917006373e-02
4.265729878928549088e-03
1.442820400225832767e-03
2.132864939464274544e-03
1.881939652468477475e-03
1.116617527131296729e-02
1.380089078476883554e-03
