1.516425275277561990e-01
6.643212866084891033e-02
6.629506099511126016e-02
7.406222872024489923e-02
6.350801845844565065e-03
7.241741673139306945e-02
1.009731804267373356e-02
2.375839539452642962e-03
2.750491159135559985e-02
2.764197925709325002e-02
2.311874628775071813e-02
1.302142824507698630e-02
2.416959839173938793e-02
6.944761730707725914e-03
3.467811943162608240e-02
3.152556311966007302e-02
1.225384931694613183e-01
3.184538767304792573e-02
4.751679078905285923e-03
5.231415908987070013e-02
1.685932288573125520e-02
4.637456024123909337e-02
5.665463517156302947e-03
5.619774295243752313e-03
7.575272993100927443e-02
