5.316509534273764631e-03
7.301339760402637130e-03
4.052361711679780543e-02
4.057087497932468367e-02
1.018406937454218938e-02
4.016918314784622551e-02
1.143640273150445426e-02
3.589234658916377191e-02
5.552798846908154132e-03
7.334420264171451209e-02
4.584012665107157006e-03
9.144396398950874888e-03
2.296732118806266501e-02
1.557146570260627139e-02
1.613856005292880688e-02
1.826516386663831065e-02
7.797547316934855255e-03
3.409654781314241240e-02
1.564235249639658876e-02
1.233430211951513401e-02
8.388270598520828139e-03
1.238155998204201226e-02
3.232437796838449201e-02
1.710734623472980401e-02
3.693201956475508640e-02
1.361026440774083801e-02
1.122374235013350388e-02
8.908107086316485387e-03
2.147869851846601064e-02
3.539613903263155725e-02
1.776895631010609253e-02
1.951749722360057726e-02
1.965927081118121200e-02
5.226719595472696656e-02
1.283050967604735214e-02
1.717823302852012138e-02
5.859974953332861003e-03
5.458283121854398505e-03
7.176106424706410469e-02
2.601545332104628766e-02
1.765081165378890038e-02
1.701283050967604751e-02
1.604404432787505039e-02
1.209801280688074451e-02
2.221119538763261653e-02
4.324094421209328382e-03
1.275962288225703477e-02
1.292502540110110863e-02
8.813591361262730628e-03
3.260792514354575629e-03
