3.344798956232949982e-02
1.791009370181472979e-02
3.048274226070454146e-02
1.791009370181472979e-02
2.372197841299964263e-02
1.862175305420472188e-02
2.609417625429961019e-03
8.658522120744870793e-03
1.447040683192978364e-02
8.895741904874866421e-03
9.251571581069860731e-03
1.138654963823983006e-02
8.966907840113864936e-02
1.636816510496975560e-02
3.321076977819950073e-03
1.885897283833471577e-02
1.897758273039971532e-03
1.340291780334479897e-02
6.642153955639900145e-03
4.032736330209939560e-03
3.914126438144940878e-03
2.490807733364962771e-03
4.507175898469932551e-03
4.981615466729925543e-03
5.574664927054916348e-03
1.731704424148974159e-02
1.197959909856482000e-02
1.613094532083975824e-02
3.463408848297948317e-02
1.020045071758984671e-02
1.103071996204483401e-02
4.863005574664926861e-03
1.957063219072470786e-02
7.235203415964891471e-02
2.467085754951962862e-02
3.083857193689953577e-03
1.802870359387973020e-02
3.202467085754951825e-03
2.277309927647966012e-02
9.726011149329853722e-03
2.490807733364962771e-03
6.286324279444905835e-03
2.016368165104969780e-03
3.439686869884948320e-03
5.693274819119915030e-03
4.744395682599929047e-03
2.739888506701458962e-02
3.795516546079943064e-03
7.946862768354880438e-03
3.036413236863954451e-02
7.709642984224883942e-03
1.601233542877476129e-02
8.777132012809867739e-03
9.607401257264855041e-03
3.914126438144940878e-03
2.455224765745463167e-02
4.981615466729925543e-03
1.897758273039971532e-03
8.065472660419879120e-03
2.455224765745463167e-02
2.134978057169967941e-02
1.209820899062981868e-02
4.507175898469932551e-03
3.036413236863954451e-02
2.490807733364962771e-03
1.103071996204483401e-02
1.103071996204483401e-02
4.507175898469932551e-03
4.151346222274937374e-03
2.965247301624955329e-03
6.404934171509903650e-03
3.914126438144940878e-03
2.609417625429961019e-03
3.676906654014944816e-03
2.206143992408966803e-02
