2.872207575967809096e-02
6.646316081587345936e-02
1.119744692659914026e-01
9.962536422922159407e-02
4.162619675315665582e-03
8.325239350631331164e-03
9.060635493270431662e-02
2.553073400860274636e-02
2.650201193284306908e-02
9.518523657555154338e-02
1.623421673373109594e-02
1.942555848480643707e-02
8.186485361454141213e-03
7.215207437213820227e-03
1.137782711252948581e-01
2.650201193284306908e-02
3.524351325100596316e-02
2.664076592202025903e-02
3.219092548910781199e-02
1.720549465797141520e-02
3.121964756486748926e-02
6.465935895657000387e-02
1.456916886360482867e-02
1.345913695018731773e-02
1.637297072290828243e-02
