3.575685339690107094e-03
1.881939652468477475e-03
2.132864939464274544e-03
6.266859042720029915e-02
2.891913932626560477e-02
1.944670974217426688e-03
7.527758609873909899e-03
5.457624992158584785e-03
2.634715513455868682e-03
3.701147983188005954e-03
3.055015369173828474e-02
2.383790226460071396e-03
1.066432469732137185e-02
7.151370679380214188e-03
3.011103443949563960e-03
3.324760052694310242e-03
3.475315224891788179e-02
3.280848127470045728e-02
1.944670974217426688e-03
2.258327582962172970e-03
1.442820400225832767e-03
3.136566087447462386e-03
8.468728436108149613e-03
9.597892227589235881e-03
5.771281600903331067e-03
3.575685339690107094e-03
6.524057461890721624e-03
2.634715513455868682e-03
1.210714509754720614e-02
6.398594818392823631e-03
5.394893670409635356e-03
1.881939652468477475e-03
3.136566087447462386e-03
4.083809045856596348e-02
2.822909478702716104e-03
1.693745687221629836e-03
1.129163791481086485e-03
2.490433473433285166e-02
2.571984191706919252e-03
2.760178156953767108e-03
5.056144532965309302e-02
1.085251866256822101e-02
2.571984191706919252e-03
6.147669531397026779e-03
2.835455743052506250e-02
3.011103443949563960e-03
3.324760052694310242e-03
5.081237061664889074e-03
4.077535913681701665e-03
3.199297409196411816e-03
3.011103443949563960e-03
2.321058904711122400e-03
3.450222696192208668e-03
4.893043096418041651e-03
1.530644250674361752e-02
2.026221692491060947e-02
4.202998557179599658e-03
9.346966940593438161e-03
4.014804591932752235e-03
5.771281600903331067e-03
2.540618530832444710e-02
3.883068816259958866e-02
2.534345398657549681e-02
9.472429584091337021e-03
3.638416661439056524e-03
1.819208330719528262e-03
1.756477008970579049e-03
3.563139075340317208e-02
3.983438931058277260e-02
2.321058904711122400e-03
4.642117809422244799e-03
7.214102001129163617e-03
5.457624992158584785e-03
1.449093532400727753e-02
7.778683896869706751e-03
2.258327582962172970e-03
1.568283043723731193e-03
2.415155887334546198e-02
3.707421115362900810e-02
2.383790226460071396e-03
8.782385044852895895e-03
4.516655165924345940e-03
6.335863496643874201e-03
4.391192522426447947e-03
1.216987641929615470e-02
1.505551721974781980e-03
3.199297409196411816e-03
3.763879304936954950e-03
4.497835769399661371e-02
1.881939652468477475e-03
7.025908035882316195e-03
1.944670974217426688e-03
2.822909478702716104e-03
2.258327582962172970e-03
1.505551721974781980e-03
1.881939652468477475e-03
2.446521548209020826e-03
8.343265792610250753e-03
1.819208330719528262e-03
1.505551721974781980e-03
