5.411025259327520258e-03
7.372226554192953633e-03
3.804257933413671827e-02
3.329316415018548914e-02
8.766333498735852381e-03
3.920039696604522839e-02
1.108196876255286914e-02
5.009333427849058627e-03
3.938942841615273444e-02
7.707757378133786585e-02
5.316509534273764631e-03
1.228704425698825577e-02
2.551924576451406954e-02
1.715460409725668225e-02
1.342123295763332676e-02
1.769806951631577863e-02
6.521585028709151258e-03
3.397840315682521678e-02
8.719075636208974134e-03
1.847782424800926276e-02
1.089293731244535789e-02
2.102974882446067076e-02
9.995037924434678131e-03
1.741452234115450914e-02
3.067035277994376377e-02
4.437513291273835481e-02
9.971408993171239007e-03
6.025377472176933133e-03
1.717823302852012138e-02
1.691831478462229102e-02
5.250348526736135779e-02
1.668202547198790325e-02
5.245622740483448128e-03
1.861959783558989751e-02
1.642210722809007289e-02
1.911580539212211563e-02
1.025495616833250676e-02
8.860849223789607140e-03
5.264525885494199253e-02
6.757874341343540758e-02
4.513125871316840503e-03
1.767444058505233950e-02
2.320361050069705278e-02
6.970534722714492003e-03
1.540606318376219926e-02
9.640603955483093013e-03
1.176720776919260025e-02
7.962949835778927385e-03
1.287776753857423039e-02
1.384655372037522751e-02
