1.799999999999999951e-03
2.400000000000000050e-02
1.580000000000000154e-02
1.660000000000000017e-02
3.880000000000000115e-02
2.520000000000000018e-02
2.620000000000000107e-02
4.199999999999999740e-03
6.799999999999999621e-03
2.399999999999999790e-03
2.200000000000000133e-03
2.000000000000000042e-03
6.000000000000000125e-03
4.199999999999999740e-03
4.000000000000000083e-03
1.000000000000000021e-02
3.000000000000000062e-03
4.199999999999999740e-03
2.000000000000000042e-03
4.780000000000000221e-02
1.199999999999999895e-03
2.599999999999999881e-03
1.199999999999999895e-03
3.799999999999999992e-03
3.599999999999999901e-03
1.280000000000000061e-02
4.799999999999999580e-03
1.080000000000000057e-02
4.799999999999999580e-03
4.379999999999999866e-02
1.600000000000000077e-03
2.359999999999999945e-02
4.540000000000000285e-02
4.400000000000000265e-03
8.000000000000000167e-03
1.319999999999999993e-02
3.000000000000000062e-03
4.000000000000000083e-03
6.799999999999999621e-03
6.000000000000000125e-03
3.799999999999999992e-03
6.400000000000000307e-03
3.799999999999999992e-03
6.599999999999999964e-03
2.120000000000000009e-02
2.000000000000000042e-03
2.799999999999999972e-03
5.400000000000000286e-03
2.000000000000000042e-03
1.600000000000000077e-03
1.400000000000000029e-02
4.199999999999999740e-03
2.100000000000000130e-02
3.640000000000000180e-02
2.399999999999999790e-03
2.200000000000000133e-03
1.480000000000000066e-02
2.200000000000000133e-03
2.200000000000000133e-03
3.000000000000000062e-03
1.540000000000000049e-02
5.000000000000000104e-03
1.000000000000000021e-03
5.720000000000000084e-02
2.399999999999999790e-03
8.000000000000000167e-03
8.200000000000000691e-03
4.799999999999999580e-03
1.379999999999999977e-02
5.340000000000000302e-02
3.000000000000000062e-03
5.000000000000000104e-03
2.599999999999999881e-03
4.400000000000000265e-03
1.199999999999999895e-03
2.799999999999999972e-03
2.200000000000000133e-03
9.199999999999999845e-03
3.000000000000000062e-03
2.599999999999999881e-03
2.239999999999999977e-02
7.799999999999999642e-03
1.020000000000000073e-02
1.619999999999999912e-02
3.599999999999999901e-03
4.199999999999999740e-03
3.000000000000000062e-03
1.239999999999999956e-02
2.860000000000000042e-02
1.799999999999999951e-03
3.200000000000000153e-03
3.799999999999999992e-03
5.400000000000000286e-03
4.199999999999999740e-03
5.000000000000000104e-03
1.140000000000000041e-02
5.999999999999999474e-04
6.599999999999999964e-03
1.399999999999999986e-03
3.239999999999999825e-02
