6.599999999999999964e-03
2.639999999999999986e-02
4.399999999999999745e-02
2.664000000000000257e-01
5.319999999999999729e-02
5.779999999999999721e-02
4.939999999999999947e-02
2.699999999999999969e-02
1.340000000000000045e-02
1.460000000000000013e-02
2.359999999999999945e-02
2.980000000000000010e-02
1.140000000000000041e-02
1.739999999999999880e-02
2.980000000000000010e-02
8.600000000000000006e-03
1.764000000000000012e-01
1.519999999999999997e-02
2.359999999999999945e-02
3.259999999999999704e-02
7.599999999999999985e-03
1.260000000000000009e-02
2.060000000000000026e-02
2.759999999999999953e-02
4.400000000000000265e-03
