1.859303454974330430e-02
9.282641875953934196e-02
9.893159428333564431e-02
1.803801859303455143e-02
4.162619675315665582e-03
6.105175523796309289e-03
2.913833772720965561e-03
9.074510892188150657e-02
2.428194810600804721e-02
8.033855973359234348e-02
8.186485361454141213e-03
9.574025253226030319e-03
1.456916886360482867e-02
3.468849729429721029e-03
1.193284306923824041e-02
7.492715415568197528e-03
1.248785902594699675e-02
5.550159567087553820e-03
2.566948799777993631e-02
4.745386429859858174e-02
2.886082974885528091e-02
1.984182045233800346e-02
5.550159567087553820e-03
1.179408908006105219e-02
1.526293880949077322e-02
6.798945469682252975e-03
1.123907312335229586e-02
3.330095740252532379e-03
1.179408908006105219e-02
4.995143610378798352e-03
8.741501318162897549e-03
8.325239350631331164e-03
4.856389621201609268e-03
4.426252254752324061e-02
1.012904120993478492e-02
1.304287498265575135e-02
9.157763285694463934e-03
2.164562231164145895e-02
4.995143610378798352e-03
9.157763285694463934e-03
8.186485361454141213e-03
5.411405577910364736e-03
3.330095740252532379e-03
1.123907312335229586e-02
4.481753850423199348e-02
2.067434438740113622e-02
5.272651588733175652e-03
2.303316220341334805e-02
5.688913556264742905e-03
3.524351325100596316e-02
