1.442820400225832723e-02
8.217803149112351893e-03
1.009974280158082958e-02
1.633523618342638539e-01
1.122890659306191585e-02
8.481274700457938631e-02
9.434790791041967883e-02
5.482717520858164384e-02
1.116617527131296729e-02
2.979737783075089505e-02
1.298538360203249468e-02
1.091524998431716957e-02
1.957217238567216661e-02
1.132927670786023494e-01
6.818894674110784204e-02
2.302239508186437397e-02
6.724797691487359452e-02
1.035066808857662557e-02
1.436547268050937867e-02
1.069569035819584735e-01
7.465027288124960470e-03
1.160529452355561070e-02
9.033310331848691879e-03
1.141710055830876328e-02
3.130292955272567790e-02
