5.324413802518856986e-03
5.119628656268132051e-03
7.577050411276835609e-03
6.484862964606300309e-03
4.539404075224410390e-03
1.030751902795317212e-02
6.280077818355575374e-03
1.573432540359739201e-02
3.959179494180688728e-03
1.303798764462951038e-02
1.221884705962660890e-02
3.583740059387692436e-03
6.689648110857026111e-03
2.252636608757977929e-02
1.645107341547493232e-02
8.635107000238916031e-03
1.559780197276357597e-02
2.283354380695586799e-02
5.051366940851223161e-03
1.351581965254786827e-02
7.372265265026109807e-03
3.208300624594696143e-03
5.768114952728761735e-03
6.075292672104849571e-03
4.744189221475135325e-03
9.590771016075633551e-03
1.006860302399399318e-02
1.965937404006962846e-02
7.235741834192292894e-03
8.635107000238916031e-03
1.419843680671695196e-02
1.242363220587733297e-02
7.440526980443018697e-03
9.010546435031912757e-03
5.836376668145670625e-03
8.532714427113553129e-03
1.566606368818048226e-02
7.986620703778285479e-03
9.454247585241817506e-03
1.740673743131164811e-02
1.443735281067613264e-02
1.460800709921840357e-02
1.290146421379569260e-02
8.600976142530461152e-03
1.843066316256527365e-02
2.877231304822690239e-02
6.894433257107751047e-03
6.792040683982388145e-03
7.338134407317655795e-03
4.778320079183590204e-03
1.962524318236117185e-02
3.276562340011604599e-03
1.085361275128843977e-02
1.399365166046622790e-02
1.307211850233796352e-02
1.133144475920679940e-02
3.481347486262329968e-03
1.621215741151574991e-02
2.102460834840779585e-02
1.474453053005221961e-02
1.361821222567323117e-02
8.225536707737466161e-03
1.218471620191815402e-02
2.252636608757977929e-02
1.119492132837298162e-02
1.044404245878698990e-02
4.266357213556776565e-03
9.693163589200996452e-03
9.897948735451722255e-03
6.996825830233113948e-03
6.518993822314755188e-03
4.505273217515956378e-03
9.249462438991091703e-03
1.088774360899689465e-02
8.703368715655824053e-03
3.003515478343970774e-03
4.675927506058227302e-03
6.177685245230212473e-03
1.798696201235536890e-02
3.788525205638417805e-03
9.829687020034814232e-03
1.392538994504931987e-02
1.849892487798218341e-02
7.884228130652922578e-03
5.119628656268132051e-03
1.197993105566742822e-02
7.952489846069832335e-03
5.938769241271033526e-03
1.303798764462951038e-02
1.126318304378988965e-02
1.286733335608723772e-02
6.007030956687941549e-03
6.143554387521758461e-03
3.925048636472234717e-03
7.577050411276835609e-03
4.948974367725861127e-03
6.143554387521758461e-03
4.027441209597597618e-03
6.450732106897846298e-03
4.983105225434315139e-03
