5.400000000000000286e-03
1.299999999999999940e-02
6.079999999999999988e-02
2.639999999999999986e-02
2.259999999999999856e-02
2.120000000000000009e-02
2.259999999999999856e-02
4.599999999999999922e-03
1.080000000000000057e-02
2.599999999999999881e-03
6.400000000000000307e-03
8.200000000000000691e-03
8.200000000000000691e-03
4.159999999999999809e-02
2.799999999999999972e-03
6.599999999999999964e-03
5.000000000000000104e-03
2.399999999999999790e-03
4.400000000000000265e-03
6.000000000000000125e-03
4.599999999999999922e-03
4.199999999999999740e-03
6.519999999999999407e-02
2.799999999999999972e-03
7.799999999999999642e-03
7.400000000000000328e-03
5.400000000000000286e-03
4.400000000000000265e-03
6.799999999999999621e-03
4.799999999999999580e-03
3.860000000000000236e-02
5.400000000000000286e-03
1.099999999999999936e-02
5.400000000000000286e-03
2.019999999999999921e-02
6.000000000000000125e-03
1.039999999999999952e-02
3.000000000000000062e-03
4.259999999999999898e-02
6.400000000000000133e-02
7.799999999999999642e-03
1.799999999999999864e-02
2.200000000000000133e-03
5.599999999999999943e-03
5.000000000000000104e-03
2.799999999999999972e-03
5.799999999999999600e-03
4.400000000000000265e-03
1.619999999999999912e-02
5.680000000000000326e-02
7.799999999999999642e-03
1.499999999999999944e-02
6.000000000000000125e-03
3.399999999999999811e-03
1.799999999999999951e-03
7.000000000000000146e-03
2.800000000000000058e-02
1.980000000000000163e-02
8.000000000000000167e-03
2.000000000000000042e-03
2.060000000000000026e-02
1.700000000000000122e-02
9.199999999999999845e-03
3.599999999999999901e-03
2.340000000000000066e-02
1.679999999999999896e-02
4.000000000000000083e-03
2.000000000000000042e-03
4.599999999999999922e-03
9.400000000000000369e-03
1.000000000000000021e-02
1.519999999999999997e-02
3.399999999999999811e-03
5.799999999999999600e-03
2.999999999999999889e-02
