2.051951132724469384e-02
8.302692444549874748e-03
6.986122642628395107e-02
7.353813308029889632e-03
2.253587949234966276e-02
9.132961689004863784e-03
2.372197841299964523e-03
1.423318704779978757e-03
7.591033092159886128e-03
5.811884711184912844e-03
4.388566006404933870e-03
1.162376942236982569e-02
3.321076977819950073e-03
7.353813308029889632e-03
1.304708812714980466e-02
2.265448938441465970e-02
1.660538488909975036e-03
1.186098920649982132e-02
4.981615466729925543e-03
3.083857193689953577e-03
2.134978057169968028e-03
4.507175898469932551e-03
1.292847823508480598e-02
9.726011149329853722e-03
3.676906654014944816e-03
3.795516546079943064e-03
1.553789586051476657e-02
1.043767050171984408e-02
4.507175898469932551e-03
2.929664334005456158e-02
2.016368165104969780e-03
1.067489028584983971e-02
7.472423200094888314e-03
3.558296761949946568e-03
1.209820899062981868e-02
5.456055034989918534e-03
1.257264855888981167e-02
1.826592337800972757e-02
7.235203415964891818e-03
6.167714387379907154e-03
2.051951132724469384e-02
1.672399478116474991e-02
6.523544063574902331e-03
3.914126438144940878e-03
1.447040683192978364e-02
2.609417625429961019e-03
2.016368165104969780e-03
5.218835250859922038e-03
4.388566006404933870e-03
5.135808326414423308e-02
3.202467085754951825e-03
2.846637409559957515e-03
6.760763847704898827e-03
3.676906654014944816e-03
6.049104495314909340e-03
2.372197841299964523e-03
2.941525323211955853e-02
3.202467085754951825e-03
1.126793974617483138e-02
3.558296761949946568e-03
3.202467085754951825e-03
4.115763254655438463e-02
3.439686869884948320e-03
2.170561024789467372e-02
5.218835250859922038e-03
2.111256078756968205e-02
3.676906654014944816e-03
2.134978057169968028e-03
2.431502787332463431e-02
1.731704424148974159e-02
2.372197841299964523e-03
4.744395682599929047e-03
3.083857193689953577e-03
1.138654963823983006e-02
6.049104495314909340e-03
1.897758273039971532e-03
4.625785790534930365e-03
1.707982445735974422e-02
5.693274819119915030e-03
8.065472660419879120e-03
2.372197841299964523e-03
4.625785790534930365e-03
1.577511564464476393e-02
1.174237931443482437e-02
2.265448938441465970e-02
2.609417625429961019e-03
6.760763847704898827e-03
9.251571581069860731e-03
5.337445142924919853e-03
5.930494603249910658e-03
4.863005574664926861e-03
1.541928596844976788e-03
2.134978057169968028e-03
1.150515953030482701e-02
6.642153955639900145e-03
1.411457715573478759e-02
1.897758273039971532e-03
2.289170916854465707e-02
1.565650575257976351e-02
2.372197841299964523e-03
