5.835606689597912233e-02
3.321076977819949899e-02
3.558296761949946568e-02
1.016486774997034798e-01
3.404103902265449150e-02
3.902265448938441184e-02
1.660538488909974950e-02
2.289170916854465707e-02
3.000830269244455020e-02
2.526390700984462029e-02
3.261772031787450732e-02
4.388566006404934217e-02
5.408611078163919061e-02
1.448226782113628264e-01
1.565650575257976351e-02
4.139485233068437853e-02
4.092041276242438380e-02
1.186098920649982132e-02
5.539081959435417091e-02
5.373028110544419284e-02
1.707982445735974422e-02
1.221681888269481736e-02
4.768117661012928610e-02
1.518206618431977226e-02
1.684260467322974686e-02
