1.873784088194136235e-02
2.686098501655346735e-02
2.716816273592955258e-02
5.631591521894944996e-02
3.617870917096146360e-02
1.696303628110174336e-02
1.303798764462951038e-02
4.457490016724120069e-02
5.570155978019727949e-02
5.085497798559678040e-02
5.471176490665210362e-02
2.768012560155636709e-02
8.085600191132803760e-02
2.518857298883921125e-02
3.662241032117136835e-02
7.293764292296665841e-02
4.331205843202839967e-02
5.365370831769002147e-02
5.911464555104269797e-02
8.242602136591692386e-02
4.310727328577767387e-02
2.020546776340489264e-02
2.351616096112495169e-02
9.215331581282636825e-03
2.105873920611624900e-02
