4.199999999999999740e-03
2.779999999999999832e-02
2.580000000000000002e-02
4.299999999999999656e-02
1.318000000000000005e-01
3.359999999999999792e-02
4.000000000000000083e-02
7.400000000000000328e-03
1.439999999999999961e-02
4.400000000000000265e-03
7.000000000000000146e-03
7.400000000000000328e-03
9.799999999999999684e-03
1.119999999999999989e-02
5.799999999999999600e-03
1.400000000000000029e-02
7.199999999999999803e-03
1.140000000000000041e-02
4.000000000000000083e-03
8.400000000000000522e-02
2.200000000000000133e-03
4.799999999999999580e-03
3.200000000000000153e-03
1.080000000000000057e-02
2.460000000000000034e-02
2.479999999999999913e-02
9.599999999999999159e-03
1.820000000000000090e-02
1.039999999999999952e-02
1.049999999999999961e-01
2.799999999999999972e-03
5.800000000000000294e-02
6.619999999999999496e-02
9.400000000000000369e-03
2.500000000000000139e-02
2.359999999999999945e-02
6.599999999999999964e-03
9.199999999999999845e-03
8.200000000000000691e-03
1.060000000000000005e-02
7.000000000000000146e-03
6.599999999999999964e-03
5.599999999999999943e-03
8.999999999999999320e-03
2.479999999999999913e-02
2.599999999999999881e-03
5.799999999999999600e-03
6.000000000000000125e-03
3.000000000000000062e-03
2.200000000000000133e-03
