6.398594818392823631e-03
3.136566087447462386e-03
4.704849131171193362e-03
1.153629006963176745e-01
4.899316228592936334e-02
5.771281600903331067e-03
1.060159337557242329e-02
6.674612634088200602e-02
6.147669531397026779e-03
2.189323129038328944e-02
8.280534470861300456e-03
4.077535913681701665e-03
1.154256320180666213e-02
1.963490370742111690e-02
1.781569537670158604e-02
6.398594818392823631e-03
6.900445392384417335e-03
4.391192522426447947e-03
5.708550279154381638e-03
1.888212784643372374e-02
4.202998557179599658e-03
7.308198983752588196e-02
9.911548836333982163e-03
8.468728436108149613e-03
1.850573991594002890e-02
1.706291951571419635e-02
8.405997114359199315e-03
6.774982748886519343e-03
2.891913932626560477e-02
4.955774418166991081e-03
4.579386487673295369e-03
4.617025280722664854e-02
4.880496832068251939e-02
7.214102001129163617e-03
5.194153440812997874e-02
7.339564644627062477e-03
1.800388934194843346e-02
8.224076281287247270e-02
3.575685339690107094e-03
4.328461200677498517e-03
5.018505739915939644e-03
3.638416661439056524e-03
5.834012922652280497e-03
3.857976287560378748e-02
4.635844677247349943e-02
1.361269681952198725e-02
3.512954017941158098e-03
2.528072266482654651e-02
4.704849131171193362e-03
5.583087635656483645e-03
