2.787332463527458087e-02
6.642153955639900145e-03
1.909619262246471313e-02
6.879373739769896641e-03
2.372197841299964263e-02
1.862175305420472188e-02
1.541928596844976788e-03
7.946862768354880438e-03
7.235203415964891818e-03
5.100225358794923357e-03
8.065472660419879120e-03
6.997983631834895323e-03
4.329261060372435049e-02
1.387735737160479196e-02
3.202467085754951825e-03
1.541928596844976788e-02
1.423318704779978757e-03
9.488791365199858094e-03
6.404934171509903650e-03
4.032736330209939560e-03
3.676906654014944816e-03
2.134978057169968028e-03
3.083857193689953577e-03
2.490807733364962771e-03
4.151346222274937374e-03
1.589372553670976088e-02
6.404934171509903650e-03
1.221681888269481736e-02
2.431502787332463431e-02
7.472423200094888314e-03
6.997983631834895323e-03
3.321076977819950073e-03
1.435179693986478495e-02
2.324753884473965138e-02
1.577511564464476393e-02
2.846637409559957515e-03
1.186098920649982132e-02
3.202467085754951825e-03
1.423318704779978627e-02
7.591033092159886128e-03
2.253587949234966276e-03
5.100225358794923357e-03
1.660538488909975036e-03
2.609417625429961019e-03
2.846637409559957515e-03
3.321076977819950073e-03
1.613094532083975824e-02
2.965247301624955329e-03
7.116593523899893137e-03
3.036413236863954451e-02
7.235203415964891818e-03
1.292847823508480598e-02
7.116593523899893137e-03
9.607401257264855041e-03
3.914126438144940878e-03
1.660538488909974950e-02
4.981615466729925543e-03
1.897758273039971532e-03
8.065472660419879120e-03
1.731704424148974159e-02
1.743565413355473853e-02
9.844621041394852404e-03
4.507175898469932551e-03
3.036413236863954451e-02
2.016368165104969780e-03
9.963230933459851085e-03
8.895741904874866421e-03
4.388566006404933870e-03
4.151346222274937374e-03
2.134978057169968028e-03
6.404934171509903650e-03
3.914126438144940878e-03
2.372197841299964523e-03
3.676906654014944816e-03
1.707982445735974422e-02
9.607401257264855041e-03
9.963230933459851085e-03
6.559127031194401936e-02
1.779148380974973284e-02
4.388566006404933870e-03
1.779148380974973284e-02
1.304708812714980510e-03
7.828252876289881756e-03
3.558296761949946568e-03
1.304708812714980466e-02
1.897758273039971532e-03
1.067489028584984014e-03
1.992646186691970217e-02
2.609417625429961019e-03
3.036413236863954451e-02
1.280986834301980730e-02
1.791009370181472979e-02
1.897758273039971532e-03
3.083857193689953577e-03
2.490807733364962771e-03
1.980785197485470175e-02
3.795516546079943064e-03
3.795516546079943064e-03
1.304708812714980466e-02
1.304708812714980510e-03
