3.714533741490382707e-02
2.978937268698314197e-02
2.896696669255722709e-02
2.490062594234020155e-02
2.604285649015397434e-03
2.892127747064467472e-02
9.137844382510165904e-04
4.568922191255082952e-04
8.589573719559555690e-03
1.690501210764380757e-02
5.254260519943345503e-03
3.700826974916616996e-03
5.162882076118243367e-03
2.284461095627541259e-03
2.065152830447297347e-02
7.977338145931374414e-02
8.680952163384656958e-03
1.005162882076118293e-03
1.279298213551423183e-03
8.452506053821903786e-03
2.887558824873212582e-02
4.568922191255082518e-03
4.294786859779777845e-03
6.990450952620276548e-03
9.731804267373326753e-03
2.421528761365194030e-03
2.316443550966327050e-02
1.096541325901219908e-02
4.705989856992735289e-03
5.391328185680998274e-03
1.411796957097820673e-02
5.482706629506099976e-04
6.259423402019463796e-03
8.507333120116963854e-02
1.434641568054095991e-02
3.984100150774431970e-02
1.279298213551423183e-03
2.147393429889888922e-03
5.665463517156302947e-03
2.056014986064787220e-03
6.259423402019463796e-03
1.142230547813770630e-03
7.218897062183031454e-03
5.939598848631607404e-04
8.361127609996802518e-03
4.614611413167634020e-03
7.401653949833233992e-03
1.928085164709645097e-02
3.335313199616210620e-03
6.670626399232421240e-03
1.082834559327454718e-02
2.330150317540092327e-03
3.655137753004066470e-04
5.665463517156302947e-03
4.112029972129574440e-02
5.162882076118243367e-03
1.644811988851829776e-03
6.396491067757115916e-04
5.162882076118243367e-03
3.819618951889248992e-02
4.623749257550143626e-02
7.767167725133641452e-04
6.122355736281811026e-03
1.050852103988669101e-02
2.293598940010051560e-02
3.472380865353862957e-03
4.139443505277105168e-02
6.853383286882624645e-03
6.213734180106913162e-03
1.050852103988669144e-03
1.553433545026728290e-03
3.335313199616210620e-03
2.330150317540092327e-03
8.283455932745464878e-02
5.025814410380591464e-04
