7.632144798090782258e-03
1.533517638997188189e-02
5.321235320526452456e-02
4.394981214999645752e-02
1.566598142766002788e-02
2.712601309042791953e-02
5.205453557335601444e-02
5.063679969754968091e-02
1.108196876255286983e-01
2.826020179107299052e-02
6.994163653977930259e-03
2.320361050069705278e-02
3.676661704591101254e-02
7.970038515157959469e-02
5.555161740034498391e-02
6.807495096996762918e-02
1.013681151201531183e-01
4.125611398596441826e-02
1.231067318825169489e-02
3.627040948937879788e-02
5.583516457550624645e-02
2.362893126343895353e-02
9.357056780321825265e-03
2.953616407929869278e-02
1.545332104628907577e-02
