6.416601249189392286e-03
4.061572067306051630e-03
1.436909109525922462e-02
1.238950134816887982e-02
6.109423529813304450e-03
2.286767466466432201e-03
5.938769241271033526e-03
3.378954913136967067e-03
8.566845284822008008e-03
8.669237857947370909e-03
1.201406191337588310e-02
2.218505751049523744e-03
9.044677292740365901e-03
1.351581965254786827e-02
1.904501860131745106e-02
7.406396122734564685e-03
1.781630772381309971e-02
6.621386395440117222e-03
3.890917778763780272e-03
1.037578074337008015e-02
9.522509300658725528e-03
1.716782142735246916e-02
3.890917778763780272e-03
1.027338817024471898e-02
1.075122017816307687e-02
2.491552612717157569e-03
3.037646336052424786e-03
4.948974367725861127e-03
4.300488071265230576e-03
1.170688419399979439e-02
1.030751902795317212e-02
8.805761288781186955e-03
1.221884705962660890e-02
9.044677292740365901e-03
7.986620703778285479e-03
1.955698146694426556e-02
1.324277279088023444e-02
1.201406191337588310e-02
2.764599474384791394e-03
1.307211850233796352e-02
1.692890542339329021e-02
1.334516536400559734e-02
5.017236083142769150e-03
2.109287006382470561e-02
1.150209904774907033e-02
1.075122017816307687e-02
1.546127854192975819e-02
2.856752790197617659e-02
7.747704699819106533e-03
1.515410082255367122e-02
7.781835557527560544e-03
4.573534932932864401e-03
8.430321853988190228e-03
1.696303628110174336e-02
6.894433257107751047e-03
2.286767466466432461e-02
5.153759513976586062e-03
1.163862247858288637e-02
1.986415918632035080e-02
1.829413973173145760e-02
8.225536707737466161e-03
6.109423529813304450e-03
1.129731390149834452e-02
1.201406191337588310e-02
1.668998941943411127e-02
1.099013618212225755e-02
1.314038021775487154e-02
7.304003549609201784e-03
1.023925731253626410e-02
2.167309464486842641e-02
8.362060138571282206e-03
3.481347486262329968e-03
5.870507525854124636e-03
6.280077818355575374e-03
7.577050411276835609e-03
7.133349261066930860e-03
1.511996996484521634e-02
6.928564114816205058e-03
9.283593296699546582e-03
1.546127854192975819e-02
6.245946960647121363e-03
2.218505751049523744e-03
9.693163589200996452e-03
1.300385678692105550e-02
7.781835557527560544e-03
1.044404245878698990e-02
1.017099559711935608e-02
5.119628656268132051e-03
1.139970647462370743e-02
8.430321853988190228e-03
1.392538994504931987e-02
1.733847571589474182e-02
7.713573842110652522e-03
6.177685245230212473e-03
9.317724154407999726e-03
6.518993822314755188e-03
3.481347486262329968e-03
4.437011502099047489e-03
7.781835557527560544e-03
6.348339533772483397e-03
