3.355308239408331689e-03
4.536754802580279626e-03
2.384159164480990564e-02
3.277332766238982842e-02
2.599182438978284940e-03
5.103849152902814254e-03
2.445594385765931938e-02
2.176224569362727665e-02
4.756503863330261567e-02
6.308924647338200881e-03
4.465868008789962255e-03
3.591597552042721190e-03
5.056591290375936007e-03
1.462630845206871338e-02
6.568842891236029505e-03
6.285295716074761757e-03
2.043902554287469614e-02
5.718201365752227129e-03
3.331679308144892566e-03
6.096264265967250504e-03
1.136551593771413689e-02
4.064176177311500625e-03
1.630396257177287814e-03
6.781503272606979882e-03
2.835471751612674441e-03
6.096264265967250504e-03
1.462630845206871338e-02
6.616100753762906884e-03
1.249970463835920788e-02
1.136551593771413689e-02
8.033836629569244756e-03
2.788213889085796628e-03
1.594952860282129389e-02
6.356182509865079128e-03
8.364641667257390750e-03
2.436142813260556289e-02
1.677654119704165845e-03
4.352449138725455330e-02
1.424824555185368914e-02
1.058576120602065102e-02
3.993289383521183254e-03
5.316509534273764631e-03
9.498830367902460006e-03
8.435528461047706386e-03
1.146003166276789338e-02
5.741830297015666253e-03
1.025495616833250676e-02
7.537629073037026631e-03
6.119893197230689627e-03
1.597315753408473302e-02
1.032584296212282239e-02
3.119018926773942189e-03
1.046761654970345713e-02
7.017792585241369382e-03
2.315635263817017626e-03
1.344486188889676588e-02
1.339760402636988763e-02
7.017792585241369382e-03
4.394981214999645752e-03
2.977245339193308315e-03
8.128352354623001250e-03
1.143640273150445426e-02
8.104723423359562126e-03
4.773044115214669127e-03
8.435528461047706386e-03
1.082205051865504052e-02
9.758748611800288630e-03
1.162543418161196551e-02
8.081094492096123003e-03
2.386522057607334563e-03
1.961201294865433375e-02
6.946905791451052879e-03
7.017792585241369382e-03
3.827886864677110691e-03
6.072635334703811380e-03
2.906358545402991378e-03
1.051487441223033538e-02
7.703031591881099628e-03
3.024503201720186128e-03
2.010822050518655188e-02
1.724911982231043658e-03
8.222868079676756009e-03
1.439001913943432388e-02
1.890314501075116439e-03
1.188535242550979414e-02
9.593346092956214766e-03
7.395855485456392757e-03
7.892063041988610014e-03
5.245622740483448128e-03
1.155454738782164814e-02
6.143522128494127883e-03
5.134566763545284768e-02
7.159566172822003256e-03
9.002622811370241881e-03
4.418610146263084876e-03
1.791072989768672727e-02
2.339264195080456316e-03
1.760355379126202213e-02
4.489496940053401379e-03
7.443113347983271004e-03
