9.019009296517275717e-03
2.511447204107117998e-02
1.005966421534619099e-01
1.021229360344109854e-01
5.827667545441931121e-03
2.497571805189399176e-03
9.088386291105869652e-02
9.046760094352712667e-02
1.110031913417510764e-02
1.040654918828916309e-02
7.908977383099764780e-03
3.330095740252532379e-03
1.096156514499791942e-02
4.301373664492853799e-03
9.851533231580408487e-03
4.273622866657416502e-02
7.908977383099764780e-03
3.427223532676564738e-02
2.317191619259053800e-02
2.317191619259053800e-02
1.998057444151519341e-02
2.594699597613431274e-02
8.186485361454141213e-03
1.110031913417510764e-02
4.578881642847231967e-03
6.105175523796309289e-03
7.770223393922575696e-03
4.578881642847231967e-03
3.538226724018315311e-02
1.096156514499791942e-02
7.908977383099764780e-03
5.688913556264742905e-03
5.550159567087553820e-03
1.942555848480643924e-03
7.631469404745386612e-03
1.082281115582072947e-02
6.660191480505064758e-03
1.845428056056611782e-02
5.702788955182461206e-02
1.734424864714860515e-02
1.207159705841542863e-02
5.175523796309143554e-02
6.798945469682252975e-03
6.521437491327875674e-03
2.913833772720965561e-03
6.243929512973498373e-03
9.574025253226030319e-03
4.440127653670042883e-03
1.665047870126266190e-03
8.741501318162897549e-03
