7.841415218618657049e-03
3.575685339690107094e-03
4.704849131171193362e-03
8.882755159651213595e-02
4.617025280722664854e-02
6.837714070635467906e-03
1.913305313342952146e-02
1.260899567153879984e-02
6.649520105388620483e-03
7.653221253371808759e-03
4.642117809422244279e-02
3.889341948434853376e-03
2.810363214352926478e-02
1.919578445517847176e-02
6.712251427137569913e-03
7.904146540367605611e-03
6.304497835769400094e-02
5.877924847876545011e-02
5.834012922652280497e-03
3.952073270183802806e-03
4.202998557179599658e-03
7.465027288124960470e-03
4.090082178031491378e-02
3.218116805721096818e-02
8.845116366601844457e-03
8.594191079606046738e-03
5.181607176463207814e-02
4.516655165924345940e-03
2.716266231729502420e-02
1.185621981055140842e-02
1.844300859419107860e-02
4.830311774669092222e-03
6.712251427137569913e-03
7.835142086443760978e-02
7.339564644627062477e-03
4.642117809422244799e-03
3.638416661439056524e-03
4.541747694623925885e-02
3.575685339690107094e-03
4.265729878928549088e-03
6.530330594065617000e-02
3.142839219622357155e-02
3.575685339690107094e-03
1.216987641929615470e-02
3.776425569286744749e-02
3.889341948434853376e-03
5.332162348660685926e-03
8.280534470861300456e-03
4.140267235430650228e-03
5.520356313907534215e-03
