5.699853237311853713e-03
9.283593296699546582e-03
7.679442984402197643e-03
1.324277279088023444e-02
6.553124680023209199e-03
7.338134407317655795e-03
3.652001774804600892e-03
1.232123963275197180e-02
1.215058534420969914e-02
1.686064370797638046e-02
1.310624936004641840e-02
4.641796648349773291e-03
2.976210792177207479e-02
6.348339533772483397e-03
1.044404245878698990e-02
1.754326086214546415e-02
1.163862247858288637e-02
1.573432540359739201e-02
2.645141472405201574e-02
2.419877811529403885e-02
1.276494078296187655e-02
6.826171541690843024e-03
8.908153861906549856e-03
3.788525205638417805e-03
1.006860302399399318e-02
2.430117068841939829e-02
3.890917778763780272e-03
9.181200723574183681e-03
2.849926618655926683e-02
1.566606368818048226e-02
1.174101505170824927e-02
1.464213795692685671e-02
1.099013618212225755e-02
1.112665961295607360e-02
1.279907164067032969e-02
3.071777193760879057e-02
4.675927506058227302e-03
1.211645448650124600e-02
3.020580907198197954e-02
9.454247585241817506e-03
1.174101505170824927e-02
1.703129799651865312e-02
1.354995051025632315e-02
3.617870917096146447e-03
2.611010614696747389e-02
1.453974538380149555e-02
2.955732277552134898e-02
1.126318304378988965e-02
9.454247585241817506e-03
9.693163589200996452e-03
8.089013276903648381e-03
9.761425304617904475e-03
3.494999829345711573e-02
1.426669852213386172e-02
5.597460664186490811e-03
1.491518481859449054e-02
1.273080992525342167e-02
3.242431482303150155e-03
1.508583910713676320e-02
1.532475511109594214e-02
2.157070207174306350e-02
1.651933513089183861e-02
1.423256766442540684e-02
9.966210450868630277e-03
1.484692310317758251e-02
1.358408136796477629e-02
6.928564114816205058e-03
6.382470391480938275e-03
1.348168879483941512e-02
1.317451107546332642e-02
8.430321853988190228e-03
1.409604423359159080e-02
1.587084883443120806e-02
1.075122017816307687e-02
1.262841735212805877e-02
