3.599999999999999901e-03
1.700000000000000122e-02
4.440000000000000197e-02
1.919999999999999832e-02
1.899999999999999953e-02
2.239999999999999977e-02
2.259999999999999856e-02
1.799999999999999951e-03
8.600000000000000006e-03
2.200000000000000133e-03
2.399999999999999790e-03
4.199999999999999740e-03
6.599999999999999964e-03
3.440000000000000002e-02
6.000000000000000125e-03
3.799999999999999992e-03
3.000000000000000062e-03
4.199999999999999740e-03
3.799999999999999992e-03
2.399999999999999790e-03
1.000000000000000021e-03
5.400000000000000286e-03
7.000000000000000146e-03
2.599999999999999881e-03
6.099999999999999867e-02
4.199999999999999740e-03
4.000000000000000083e-03
2.200000000000000133e-03
1.600000000000000077e-03
3.000000000000000062e-03
9.799999999999999684e-03
3.000000000000000062e-03
1.679999999999999896e-02
4.299999999999999656e-02
4.400000000000000265e-03
8.000000000000000167e-03
5.599999999999999943e-03
3.799999999999999992e-03
1.319999999999999993e-02
4.799999999999999580e-03
4.000000000000000083e-03
3.579999999999999849e-02
3.719999999999999696e-02
4.000000000000000083e-03
1.739999999999999880e-02
3.799999999999999992e-03
3.599999999999999901e-03
2.399999999999999790e-03
2.440000000000000155e-02
1.600000000000000077e-03
2.000000000000000042e-03
3.000000000000000062e-03
1.400000000000000029e-02
6.000000000000000125e-03
1.720000000000000001e-02
2.000000000000000042e-03
4.400000000000000265e-03
1.399999999999999986e-03
5.599999999999999943e-03
8.999999999999999320e-03
1.919999999999999832e-02
5.419999999999999818e-02
4.599999999999999922e-03
1.600000000000000033e-02
1.899999999999999953e-02
1.200000000000000025e-02
7.000000000000000146e-03
4.599999999999999922e-03
5.799999999999999600e-03
2.799999999999999972e-03
2.200000000000000133e-03
6.000000000000000125e-03
3.200000000000000153e-03
2.000000000000000042e-03
2.000000000000000042e-03
2.200000000000000133e-03
7.400000000000000328e-03
3.200000000000000153e-03
3.219999999999999946e-02
4.400000000000000265e-03
1.399999999999999986e-03
2.399999999999999790e-03
3.599999999999999901e-03
3.799999999999999992e-03
4.000000000000000083e-03
4.799999999999999580e-03
3.200000000000000153e-03
1.600000000000000077e-03
2.680000000000000090e-02
8.399999999999999481e-03
1.739999999999999880e-02
1.420000000000000082e-02
1.280000000000000061e-02
1.600000000000000077e-03
3.280000000000000276e-02
3.799999999999999992e-03
5.199999999999999761e-03
2.799999999999999972e-03
2.000000000000000042e-03
2.599999999999999881e-03
