7.643806825969753915e-02
6.643212866084891033e-02
6.629506099511126016e-02
5.720290583451363708e-02
2.741353314753049771e-03
4.212546260337186182e-02
1.827568876502033181e-03
9.594736601635674416e-04
1.448348334627861354e-02
2.156531274272399309e-02
7.036140174532828050e-03
5.025814410380591464e-03
9.411979713985470578e-03
1.096541325901219995e-03
2.416959839173938793e-02
9.183533604422717406e-03
8.100699045095262341e-02
1.197057614108831651e-02
1.873258098414584032e-03
3.815050029697994449e-02
9.092155160597614402e-03
4.637456024123909337e-02
2.284461095627541259e-03
4.157719194042125074e-03
9.960250376936079925e-03
8.726641385297207593e-03
1.197057614108831651e-02
2.512907205190295645e-02
1.585416000365513778e-02
8.315438388084250149e-03
3.650568830812811472e-02
1.233608991638872332e-03
6.076666514369260391e-03
1.580847078174258541e-02
8.539315575455749818e-02
1.069127792753689354e-02
1.142230547813770630e-03
6.030977292456709757e-03
8.443368209439393313e-02
4.477543747429981250e-03
1.146799470005025780e-02
4.112029972129574440e-04
8.178370722346598246e-03
7.675789281308539533e-03
3.381002421528761254e-03
2.024032530726001602e-02
7.904235390871292705e-03
6.853383286882624428e-04
1.416365879289075737e-03
5.985288070544158255e-03
