1.662380026347155121e-02
7.715952575120758189e-03
9.535160905840285583e-03
1.062668590427200271e-01
1.122890659306191585e-02
4.347280597202182739e-02
8.060974844739979273e-02
1.009974280158082958e-02
1.806662066369738376e-02
1.166802584530456099e-02
9.955460761558246330e-02
9.566526566714760038e-02
5.514083181732638839e-02
1.060159337557242329e-02
1.405181607176463239e-02
1.731384480270999407e-02
1.821717583589486100e-01
8.531459757857098175e-03
4.510382033749451430e-02
7.465027288124960470e-03
1.380089078476883467e-02
8.343265792610250753e-02
2.816636346527821508e-02
1.141710055830876328e-02
1.229533906279405356e-02
