2.538251690190962070e-02
1.684260467322974686e-02
1.945202229865970744e-02
2.858498398766456949e-02
1.885897283833471577e-02
1.565650575257976351e-02
2.372197841299964523e-03
1.624955521290475519e-02
6.404934171509903650e-03
6.404934171509903650e-03
1.245403866682481299e-02
1.150515953030482701e-02
8.421302336614873429e-03
4.507175898469932551e-03
7.436840232475389056e-02
1.530067607638477094e-02
2.134978057169968028e-03
6.642153955639900145e-03
1.174237931443482437e-02
4.269956114339936055e-03
1.885897283833471577e-02
5.218835250859922038e-03
3.202467085754951825e-03
3.439686869884948320e-03
4.744395682599929047e-03
1.387735737160479196e-02
1.660538488909974950e-02
4.981615466729925543e-03
6.404934171509903650e-03
2.111256078756968205e-02
1.043767050171984408e-02
3.676906654014944816e-03
1.518206618431977226e-02
9.073656742972363576e-02
4.032736330209939560e-03
1.470762661605977926e-02
3.558296761949946568e-03
5.693274819119915030e-03
1.968924208278970481e-02
2.134978057169968028e-03
2.431502787332463431e-02
1.601233542877476129e-02
5.218835250859922038e-03
5.693274819119915030e-03
3.048274226070454146e-02
1.043767050171984408e-02
2.977108290831455284e-02
4.507175898469932551e-03
4.744395682599929047e-03
8.302692444549874748e-03
6.286324279444905835e-03
3.321076977819950073e-03
1.399596726366979065e-02
1.103071996204483401e-02
6.879373739769896641e-03
2.324753884473965138e-02
2.609417625429961019e-03
8.184082552484877801e-03
8.895741904874866421e-03
3.332937967026450288e-02
7.472423200094888314e-03
3.914126438144940878e-03
3.676906654014944816e-03
1.660538488909974950e-02
3.914126438144940878e-03
2.051951132724469384e-02
1.423318704779978757e-03
9.132961689004863784e-03
1.470762661605977926e-02
5.218835250859922038e-03
4.388566006404933870e-03
2.846637409559957255e-02
3.309215988613450204e-02
1.233542877475981431e-02
2.016368165104969780e-03
