9.435271264048842102e-03
2.455945608436242711e-02
9.019009296517274676e-02
9.407520466213403765e-02
6.243929512973498373e-03
2.081309837657832791e-03
9.019009296517274676e-02
7.520466213403635691e-02
1.040654918828916309e-02
9.435271264048842102e-03
1.692798667961703876e-02
9.435271264048842102e-03
3.885111696961287848e-03
3.885111696961287848e-03
5.688913556264742905e-02
1.415290689607326229e-02
1.609546274455390599e-02
6.521437491327875674e-03
2.442070209518523716e-02
2.775079783543776824e-02
1.359789093936450595e-02
2.220063826835021528e-02
1.207159705841542863e-02
1.429166088525045050e-02
1.554044678784515139e-02
5.827667545441931121e-03
1.637297072290828243e-02
6.521437491327875674e-03
7.492715415568197528e-03
1.054530317746635130e-02
3.885111696961287848e-03
8.047731372276952996e-03
6.660191480505064758e-03
4.093242680727070953e-02
7.215207437213820227e-03
9.157763285694463934e-03
1.318162897183293956e-02
6.798945469682252975e-03
1.914805050645206064e-02
1.165533509088386224e-02
4.148744276397946240e-02
2.081309837657832791e-03
1.817677258221173792e-02
3.052587761898154645e-03
2.095185236575551613e-02
1.123907312335229586e-02
3.024836964062716654e-02
1.387539891771888455e-03
2.344942417094491444e-02
4.995143610378798352e-03
