7.328551194773152977e-02
6.391922145565860636e-02
5.839082560423995705e-02
4.189701649380911386e-02
3.015488646228354878e-03
5.500982318271119970e-02
3.974962306391922537e-03
2.649974870927948069e-03
1.759035043633206882e-02
2.554027504911591390e-02
9.960250376936079925e-03
9.183533604422717406e-03
9.457668935898021212e-03
6.807694064970073143e-03
7.767167725133641452e-04
1.187919769726321481e-03
8.086992278521497324e-02
1.306711746698953694e-02
1.388952346141545183e-02
9.731804267373326753e-03
2.832731758578151474e-03
3.833325718463014703e-02
5.802531182893955718e-03
4.303924704162288145e-02
1.539726778452962970e-02
2.700233015031754114e-02
1.229040069447617269e-02
7.355964727920683358e-03
1.690501210764380627e-03
3.760222963402932994e-02
1.096541325901219995e-03
1.142230547813770630e-03
2.193082651802439990e-03
7.493032393658336128e-03
1.571709233791748414e-02
1.603691689130534032e-02
7.310275506008132723e-03
8.612418330515830833e-02
8.374834376570566841e-02
2.380408461643898285e-02
2.101704207977338288e-03
7.310275506008132940e-04
1.462055101201626588e-03
5.345638963768446772e-03
8.909398272947411865e-03
5.985288070544158255e-03
6.168044958194361660e-03
8.132681500434047611e-03
2.321012473157582287e-02
1.736190432676931478e-03
