4.016918314784622378e-03
4.182320833628695375e-03
2.190401928120791139e-02
2.592093759599253464e-02
4.513125871316840503e-03
2.540110110819687739e-02
4.867559840268424753e-03
2.551924576451407127e-03
3.010325842962122828e-02
4.893551664658207789e-02
3.544339689515843377e-03
7.206824035348881503e-03
1.748540913494482651e-02
6.781503272606979882e-03
7.750289454407977008e-03
4.276836558682451002e-03
5.529169915644715008e-03
2.114789348077786291e-02
6.285295716074761757e-03
7.088679379031686753e-03
8.199239148413316886e-03
8.884478155053046264e-03
2.646440301505162754e-03
1.283050967604735214e-02
3.189905720564258692e-03
8.459157392311145510e-03
1.079842158739160313e-02
3.780629002150232877e-03
4.253207627419011878e-03
1.162543418161196551e-02
5.411025259327520258e-03
2.150232744972945063e-03
8.648188842418656763e-03
6.119893197230689627e-03
8.671817773682095887e-03
1.500437135228373589e-02
2.277828973795515202e-02
3.709742208359915940e-03
4.298102596819546040e-02
1.403558517048273876e-02
1.457905058954183514e-02
1.571323929018690613e-02
2.622811370241724064e-03
1.327945937005269202e-02
8.860849223789607140e-03
2.551924576451407127e-03
1.037310082464970064e-02
6.923276860187613756e-03
1.079842158739160313e-02
2.528295645187968003e-03
6.072635334703811380e-03
6.285295716074761757e-03
2.339264195080456576e-02
1.724911982231043658e-03
5.127478084166253378e-03
1.086930838118191876e-02
1.387018265163866663e-02
6.474327166182273878e-03
8.317383804730512503e-03
8.341012735993951627e-03
7.703031591881099628e-03
1.918669218591242953e-02
1.259422036341296264e-02
7.703031591881099628e-03
8.884478155053046264e-03
2.929987476666430501e-03
5.670943503225348882e-03
7.112308310295125009e-03
6.899647928924174632e-03
8.246497010940195133e-03
1.065664799981096839e-02
1.171994990666572201e-02
8.742704567472413257e-03
3.827886864677110691e-03
1.280688074478391301e-02
1.039672975591313976e-02
8.128352354623001250e-03
2.646440301505162754e-03
2.244748470026700689e-03
3.473452895725526440e-03
1.561872356513314963e-02
1.039672975591313976e-02
7.183195104085442380e-03
1.521703173365468627e-02
9.924151130644360760e-03
2.024999409276718315e-02
1.819427707284799502e-03
3.166276789300820002e-03
2.764584957822357504e-03
5.080220221639375131e-03
1.259422036341296264e-02
8.742704567472413257e-03
4.945535313437773167e-02
2.859100682876113565e-03
5.340138465537203755e-03
6.710616478816663379e-03
4.371352283736206629e-03
1.724911982231043658e-03
6.970534722714492003e-03
5.859974953332861003e-03
