1.400000000000000029e-02
2.659999999999999865e-02
3.320000000000000034e-02
5.319999999999999729e-02
2.217999999999999972e-01
6.539999999999999980e-02
6.019999999999999657e-02
2.719999999999999848e-02
1.179999999999999973e-02
1.739999999999999880e-02
4.900000000000000189e-02
2.440000000000000155e-02
7.000000000000000146e-03
2.520000000000000018e-02
1.720000000000000001e-02
2.639999999999999986e-02
1.890000000000000013e-01
1.260000000000000009e-02
1.020000000000000073e-02
9.599999999999999159e-03
2.560000000000000123e-02
3.080000000000000099e-02
1.820000000000000090e-02
1.260000000000000009e-02
1.140000000000000041e-02
