3.119018926773942189e-03
7.301339760402637130e-03
2.861463576002457390e-02
3.305687483755109790e-02
6.828761135133858129e-03
3.284421445618014579e-02
6.852390066397297252e-03
3.589234658916377191e-02
3.473452895725526440e-03
7.334420264171451209e-02
4.584012665107157006e-03
6.616100753762906884e-03
1.684742799083197365e-02
1.207438387561730539e-02
5.316509534273764631e-03
9.238912124004631382e-03
5.269251671746887251e-03
3.305687483755109790e-02
1.129462914392381952e-02
8.766333498735852381e-03
7.041421516504808506e-03
8.955364948843363634e-03
1.713097516599324313e-02
1.174357883792916113e-02
1.654025188440726851e-02
4.843930909004985630e-03
3.000874270456747438e-03
5.576427778171593255e-03
1.304317005741830252e-02
2.712601309042791953e-02
9.404314642848703512e-03
9.286169986531509629e-03
1.632759150303631640e-02
2.138418279341225414e-02
9.971408993171239007e-03
1.242881784456889051e-02
4.938446634058741257e-03
3.473452895725526440e-03
7.176106424706410469e-02
1.786347203515984902e-02
1.741452234115450914e-02
1.467356631459559163e-02
1.105833983128943002e-02
9.238912124004631382e-03
1.677654119704165628e-02
4.087805108574938881e-03
1.103471090002599263e-02
1.138914486897757601e-02
8.624559911155217640e-03
3.142647858037380879e-03
1.663476760946102501e-02
1.235793105077857314e-02
4.773044115214669127e-03
9.309798917794948753e-03
1.216889960067106188e-02
8.128352354623001250e-03
4.418610146263084876e-03
1.058576120602065102e-02
2.618085583989036152e-02
1.266510715720328001e-02
1.469719524585902902e-02
6.379811441128517384e-03
6.686987547553224255e-03
7.632144798090782258e-03
9.262541055268070506e-03
1.070390586233784663e-02
1.162543418161196551e-02
2.906358545402991378e-03
2.365256019470239265e-02
4.725786252687790880e-03
8.742704567472413257e-03
9.357056780321825265e-03
1.396469837669242139e-02
3.922402589730866751e-03
4.843930909004985630e-03
