7.616393292822223882e-02
6.620368255128615542e-02
6.565541188833554087e-02
4.961849499703020056e-02
6.040115136839219884e-02
2.787042536665600406e-03
1.050852103988669144e-03
1.142230547813770630e-03
1.046283181797414037e-02
2.366701695070132921e-02
8.909398272947411865e-03
3.381002421528761254e-03
9.640425823548225484e-03
6.213734180106913162e-03
2.444373372321469520e-02
8.064147667565221833e-02
8.680952163384656958e-03
7.218897062183031454e-03
1.347832046420249438e-02
3.472380865353862957e-03
3.586603920135240237e-02
3.518070087266414025e-03
4.395303147987390108e-02
5.893909626719056986e-03
6.579247955407319104e-03
1.229040069447617269e-02
1.142230547813770630e-03
8.041303056608946342e-03
2.174806963037419563e-02
2.924110202403253089e-02
7.310275506008132940e-04
1.073696714944944418e-02
1.005162882076118293e-03
3.015488646228354878e-03
1.749897199250696755e-02
1.562571389409238287e-02
1.133092703431260589e-02
8.493626353543198837e-02
1.462055101201626588e-03
1.279298213551423183e-03
8.429661442865628296e-02
7.630100059395988898e-03
5.756841960981404216e-03
9.594736601635674850e-03
5.208571298030794869e-03
7.721478503221090167e-03
2.352994928496367558e-02
5.985288070544158255e-03
5.299949741855896138e-03
5.848220404806506352e-03
