5.221993809220009004e-03
7.112308310295125009e-03
4.179957940502351116e-02
3.830249757803454863e-02
1.351574868268708152e-02
3.702653528980884290e-02
1.091656624370879701e-02
5.859974953332861003e-03
3.546702582642186768e-02
7.537629073037026284e-02
3.827886864677110691e-03
8.293754873467073380e-03
2.310909477564329628e-02
1.743815127241794827e-02
1.566598142766002788e-02
1.828879279790174978e-02
3.381300063798114292e-02
7.892063041988610014e-03
1.209801280688074451e-02
1.266510715720328001e-02
1.266510715720328001e-02
2.993785591077715441e-02
1.469719524585902902e-02
1.018406937454218938e-02
1.195623921930011151e-02
8.813591361262730628e-03
7.962949835778927385e-03
2.216393752510573828e-02
1.739089340989107002e-02
1.899766073580492001e-02
3.825523971550767038e-02
1.566598142766002788e-02
6.190779991021006130e-03
1.909217646085867651e-02
4.647810779518442292e-02
4.201223978639446327e-02
1.791072989768672727e-02
6.972897615840835395e-02
1.068027693107440751e-02
5.174735946693130757e-03
4.843930909004985630e-03
1.526428959618156452e-02
1.859596890432645838e-02
1.774532737884265340e-02
2.301457905058954326e-02
1.190898135677323326e-02
1.464993738333215251e-02
2.093523309940691426e-02
5.600056709435032379e-03
1.779258524136953165e-02
