3.355308239408331689e-03
7.372226554192953633e-03
3.461638430093806618e-02
3.329316415018548914e-02
6.497956097445712134e-03
3.352945346281987343e-02
7.608515866827343134e-03
4.205949764892133631e-03
2.010822050518655188e-02
7.707757378133786585e-02
3.426195033198648626e-03
7.443113347983271004e-03
1.864322676685333663e-02
7.703031591881099628e-03
7.750289454407977008e-03
9.853264336854043390e-03
5.765459228279104509e-03
3.315139056260485440e-02
8.482786323574584633e-03
1.060939013728409014e-02
4.843930909004985630e-03
1.531154745870844276e-02
6.403440372391956507e-03
7.868434110725172626e-03
1.746178020368138739e-02
2.343989981333144401e-02
2.339264195080456316e-03
4.654899458897474376e-03
1.405921410174617789e-02
8.766333498735852381e-03
2.502303820798185141e-02
1.162543418161196551e-02
3.946031520994305007e-03
1.382292478911178839e-02
9.806006474327166877e-03
1.405921410174617789e-02
7.466742279246709260e-03
7.372226554192953633e-03
2.792939675338484279e-02
6.757874341343540758e-02
3.048132132983625252e-03
1.516977387112780976e-02
1.642210722809007289e-02
5.198364877956569881e-03
1.221615746319794013e-02
9.640603955483093013e-03
1.051487441223033538e-02
7.514000141773587507e-03
1.283050967604735214e-02
1.084567944991847964e-02
1.464993738333215251e-02
1.554783677134283226e-02
2.391247843860022301e-02
1.559509463386971051e-02
2.622811370241724064e-03
1.361026440774083801e-02
2.377070485101958827e-02
6.757874341343540758e-03
2.277828973795515202e-02
1.467356631459559163e-02
5.363767396800642878e-03
1.020769830580562851e-02
3.993289383521183254e-03
1.006592471822499550e-02
8.671817773682095887e-03
1.070390586233784663e-02
1.349211975142364239e-02
1.214527066940762276e-02
3.804257933413671567e-03
6.238037853547884377e-03
2.481037782661090190e-03
3.355308239408331689e-03
4.253207627419011878e-03
3.567968620779282066e-03
1.006592471822499550e-02
