3.355308239408331689e-03
7.112308310295125009e-03
2.369981805722927090e-02
2.622811370241723977e-02
7.348597622929514510e-03
3.305687483755109790e-02
8.648188842418656763e-03
2.953616407929869191e-03
3.546702582642186768e-02
7.537629073037026284e-02
3.827886864677110691e-03
7.372226554192953633e-03
1.760355379126202213e-02
1.115285555634318651e-02
1.056213227475721189e-02
1.004229578696155638e-02
2.169135889983695928e-02
5.694572434488788006e-03
1.011318258075187201e-02
9.097138536423998376e-03
6.710616478816663379e-03
1.318494364499893726e-02
1.053850334349377450e-02
5.481912053117837628e-03
8.908107086316485387e-03
4.205949764892133631e-03
7.490371210510148384e-03
1.221615746319794013e-02
1.261784929467640176e-02
1.587864180903097652e-02
2.778762316580421152e-02
1.228704425698825577e-02
4.442239077526523132e-03
1.216889960067106188e-02
1.505162921481061414e-02
2.960705087308901015e-02
1.472082417712246814e-02
6.814583776375794655e-02
4.914817702795303000e-03
3.615226483306159880e-03
3.119018926773942189e-03
1.254696250088608439e-02
1.706008837220292576e-02
1.774532737884265340e-02
1.932846577349306427e-02
6.946905791451052879e-03
1.164906311287540464e-02
1.377566692658491014e-02
4.135062971101817128e-03
1.254696250088608439e-02
9.357056780321825265e-03
9.215283192741192259e-03
9.049880673897120129e-03
2.618085583989036152e-02
1.483896883343966376e-02
1.422461662059025002e-02
1.134188700645069776e-02
3.497081826988965129e-03
7.679402660617660505e-03
1.805250348526736201e-02
7.230452966612319760e-03
6.214408922284445254e-03
5.670943503225348882e-03
2.386522057607334563e-03
2.258925828784763903e-02
1.063301906854752926e-02
2.221119538763261566e-03
9.357056780321825265e-03
2.206942180005198526e-02
2.977245339193308315e-03
1.783984310389640990e-02
8.742704567472413257e-03
3.757000070886793754e-03
1.287776753857423039e-02
2.764584957822357504e-03
