2.526390700984462029e-02
1.648677499703475255e-02
6.772624836911397828e-02
8.302692444549874748e-03
1.031906060965484540e-02
1.672399478116474991e-02
1.897758273039971532e-03
1.055628039378484102e-02
7.709642984224883942e-03
8.302692444549874748e-03
1.162376942236982569e-02
1.221681888269481736e-02
1.435179693986478495e-02
3.202467085754951825e-03
5.930494603249910658e-03
2.609417625429961019e-03
1.589372553670976088e-02
1.091211006997983707e-02
3.083857193689953577e-03
3.439686869884948320e-03
4.744395682599929047e-03
3.439686869884948320e-03
1.304708812714980466e-02
5.218835250859922038e-03
2.253587949234966276e-03
1.897758273039971532e-03
3.558296761949946568e-03
3.558296761949946568e-03
1.138654963823983006e-02
2.894081366385956727e-02
1.114932985410983270e-02
1.636816510496975560e-02
3.558296761949946568e-03
1.162376942236982569e-02
5.693274819119915030e-03
2.490807733364962771e-03
2.134978057169968028e-03
2.146839046376467636e-02
6.523544063574902331e-03
1.269125845095481035e-02
4.744395682599929047e-03
4.744395682599929047e-03
6.760763847704898827e-03
2.111256078756968205e-02
1.055628039378484102e-02
6.760763847704898827e-03
2.407780808919464041e-02
4.863005574664926861e-03
6.879373739769896641e-03
1.079350017791483839e-02
3.949709405764440656e-02
4.744395682599929047e-03
4.151346222274937374e-03
9.607401257264855041e-03
6.404934171509903650e-03
4.507175898469932551e-03
5.456055034989918534e-03
1.399596726366979065e-02
1.684260467322974686e-02
1.541928596844976788e-03
3.143162139722453091e-02
2.502668722571462293e-02
2.028229154311469648e-02
3.795516546079943064e-03
1.280986834301980730e-02
2.134978057169968028e-03
3.439686869884948320e-03
1.696121456529474728e-02
2.728027517494959267e-03
5.218835250859922038e-03
3.309215988613450204e-02
2.253587949234966276e-03
4.151346222274937374e-03
1.221681888269481736e-02
4.981615466729925543e-03
4.151346222274937374e-03
2.609417625429961019e-03
7.709642984224883942e-03
9.370181473134859412e-03
6.523544063574902331e-03
4.507175898469932551e-03
1.980785197485470175e-02
4.388566006404933870e-03
2.372197841299964523e-03
1.968924208278970481e-02
1.897758273039971532e-03
1.304708812714980510e-03
2.016368165104969780e-03
2.170561024789467372e-02
2.846637409559957515e-03
5.456055034989918534e-03
6.167714387379907154e-03
1.150515953030482701e-02
9.488791365199857660e-04
1.506345629225477357e-02
8.184082552484877801e-03
4.507175898469932551e-03
5.456055034989918534e-03
1.162376942236982569e-02
3.321076977819950073e-03
