1.743930744620789119e-02
6.837714070635467906e-03
8.782385044852895895e-03
2.028730945361018889e-01
9.039583464023587256e-02
1.166802584530456099e-02
8.719653723103945597e-02
2.766451289128661964e-02
1.097798130606611813e-02
3.004830311774668930e-02
1.085251866256822101e-02
8.550279154381783264e-02
8.600464211780942114e-02
1.743930744620789119e-02
6.103757606172761918e-02
1.618468101122890607e-02
1.467912928925412495e-02
5.426259331284109810e-02
8.029609183865504471e-03
9.535160905840285583e-03
6.586788783639671054e-03
3.130292955272567790e-02
8.794931309202684566e-02
6.335863496643874201e-03
1.041339941032557587e-02
