2.645000593049460363e-02
1.565650575257976351e-02
7.140315502312892526e-02
2.016368165104969606e-02
2.443363776538963472e-02
1.874036294626971882e-02
2.609417625429961019e-03
9.844621041394852404e-03
5.218835250859922038e-03
7.472423200094888314e-03
1.352152769540979765e-02
6.049104495314909340e-03
2.016368165104969606e-02
4.863005574664926861e-03
1.672399478116474991e-02
1.518206618431977226e-02
2.134978057169968028e-03
1.364013758747479460e-02
2.490807733364962771e-03
4.032736330209939560e-03
2.265448938441465970e-02
3.439686869884948320e-03
7.116593523899893137e-03
7.946862768354880438e-03
5.811884711184912844e-03
1.031906060965484540e-02
1.577511564464476393e-02
5.100225358794923357e-03
1.672399478116474991e-02
7.591033092159886128e-03
4.507175898469932551e-03
1.541928596844976788e-03
3.570157751156446263e-02
2.502668722571462293e-02
1.957063219072470786e-02
5.930494603249910658e-03
7.116593523899893137e-03
1.292847823508480598e-02
5.693274819119915030e-03
2.443363776538963472e-02
6.286324279444905835e-03
2.692444549875459489e-02
6.997983631834895323e-03
1.174237931443482437e-02
3.949709405764440656e-02
1.411457715573478759e-02
5.408611078163919061e-02
9.014351796939865102e-03
2.965247301624955589e-02
4.863005574664926861e-03
9.014351796939865102e-03
5.574664927054916348e-03
3.202467085754951825e-03
5.100225358794923357e-03
1.091211006997983707e-02
2.134978057169968028e-03
2.372197841299964523e-03
4.863005574664926861e-03
2.431502787332463431e-02
1.779148380974973284e-03
4.744395682599929047e-03
1.020045071758984671e-02
8.421302336614873429e-03
5.337445142924919853e-03
3.012691258450954715e-02
1.613094532083975824e-02
2.550112679397461765e-02
2.301031906060965401e-02
5.930494603249910658e-03
1.874036294626971882e-02
1.779148380974973284e-03
1.850314316213972146e-02
2.490807733364962771e-03
3.914126438144940878e-03
6.997983631834895323e-03
