2.860145291725681854e-02
2.695664092840498877e-02
2.787042536665600492e-02
2.279892173436286543e-02
2.563165349294101517e-02
2.512907205190295732e-03
5.025814410380591464e-04
6.853383286882624428e-04
7.310275506008132723e-03
7.721478503221090167e-03
7.264586284095582089e-03
1.873258098414584032e-03
3.655137753004066362e-03
2.741353314753049771e-03
1.489468634349157099e-02
2.330150317540092327e-03
6.935623886325216481e-02
4.797368300817837425e-03
1.233608991638872332e-03
7.081829396445378684e-03
2.439804450130214283e-02
5.208571298030794869e-03
1.612829533513044158e-02
3.106867090053456581e-03
1.142230547813770630e-03
3.883583862566820401e-03
1.690501210764380627e-03
2.741353314753049988e-04
7.949924612783844380e-02
4.568922191255082952e-04
4.705989856992735289e-03
8.178370722346598246e-03
3.837894640654269766e-03
9.092155160597614402e-03
5.025814410380591464e-04
6.533558733494768470e-03
3.015488646228354878e-03
6.853383286882624428e-04
2.741353314753049771e-03
5.025814410380591464e-03
2.142824507698633946e-02
9.594736601635674416e-04
4.066340750217023806e-03
3.198245533878557850e-03
8.680952163384657392e-04
5.939598848631607404e-04
1.000593959884863229e-02
6.807694064970073143e-03
2.375839539452642962e-03
2.608854571206652498e-02
3.061177868140905513e-03
9.137844382510165904e-04
1.475761867775391735e-02
2.613423493397907388e-02
1.283867135742678377e-02
4.523232969342531884e-03
4.751679078905285923e-03
4.249097637867227210e-03
1.964636542239685604e-02
2.284461095627541259e-03
2.467217983277744664e-03
2.969799424315803810e-03
7.036140174532828050e-03
3.883583862566820401e-03
5.985288070544158255e-03
3.655137753004066362e-03
5.482706629506099542e-03
1.781879654589482330e-03
8.493626353543198837e-02
3.883583862566820401e-03
8.909398272947411865e-03
5.345638963768446772e-03
8.726641385297207593e-03
2.535751816146571136e-02
1.964636542239685518e-03
2.215927262758715308e-02
4.294786859779777845e-03
2.499200438616530281e-02
5.665463517156302947e-03
2.284461095627541476e-04
4.112029972129574440e-03
6.122355736281811026e-03
3.198245533878557958e-04
6.716315621144971874e-03
1.681363366381870630e-02
5.939598848631607404e-04
6.853383286882624428e-04
2.398684150408918539e-02
5.071503632293142098e-03
1.142230547813770630e-03
3.883583862566820401e-03
4.568922191255082518e-03
5.665463517156302947e-03
1.073696714944944418e-02
3.106867090053456581e-03
2.019463608534746712e-02
2.512907205190295732e-03
1.398090190524055310e-02
2.380408461643898285e-02
7.767167725133641452e-04
