2.948372122200614964e-03
1.944670974217426688e-03
2.258327582962172970e-03
6.988269242832946537e-02
3.713694247537795839e-02
2.571984191706919252e-03
3.042469104824038761e-02
2.446521548209020826e-03
5.081237061664889074e-03
1.637287497647575349e-02
2.132864939464274544e-03
3.199297409196411816e-03
1.881939652468477475e-03
8.280534470861300456e-03
1.524371118499466722e-02
3.324760052694310242e-03
4.014804591932752235e-03
2.760178156953767108e-03
1.944670974217426688e-03
5.206699705162787933e-03
2.421429019509441227e-02
5.018505739915939644e-03
1.254626434978984911e-03
6.837714070635467906e-03
4.955774418166991081e-03
1.881939652468477475e-03
3.387491374443259672e-03
2.760178156953767108e-03
1.819208330719528262e-03
2.509252869957969822e-03
5.457624992158584785e-03
7.025908035882316195e-03
2.885640800451665534e-03
2.321058904711122400e-03
3.487861489241578239e-02
2.578257323881814195e-02
3.136566087447462386e-03
3.305940656169625153e-02
2.346151433410701911e-02
2.923279593501034931e-02
2.258327582962172970e-03
2.258327582962172970e-03
3.763879304936954950e-03
1.963490370742111690e-02
1.819208330719528262e-03
3.011103443949563960e-03
3.826610626685904380e-03
8.405997114359199315e-03
2.509252869957969822e-03
3.387491374443259672e-03
3.920707609309328351e-02
3.701147983188005954e-03
4.202998557179599658e-03
4.704849131171193362e-03
3.632143529264161841e-02
1.819208330719528262e-03
1.160529452355561070e-02
1.844300859419107860e-02
1.505551721974781980e-03
2.822909478702716104e-03
1.536917382849256608e-02
1.323630888902829240e-02
3.450222696192208754e-02
2.258327582962172970e-03
2.258327582962172970e-03
4.642117809422244799e-03
1.819208330719528262e-03
3.136566087447462386e-03
9.660623549338184443e-03
2.157957468163854142e-02
7.904146540367605611e-03
6.837714070635467906e-03
2.509252869957969822e-03
2.321058904711122400e-03
4.830311774669092222e-03
6.900445392384417335e-03
1.881939652468477475e-03
6.398594818392823631e-03
1.756477008970579049e-03
9.284235618844489599e-03
4.391192522426447947e-03
2.145411203814064430e-02
2.446521548209020826e-03
2.521799134307759968e-02
2.070133617715325114e-03
1.631014365472680406e-03
2.910733329151245219e-02
1.505551721974781980e-03
4.604479016372874794e-02
2.132864939464274544e-03
1.963490370742111690e-02
4.265729878928549088e-03
3.324760052694310242e-03
2.822909478702716104e-03
2.446521548209020826e-03
3.324760052694310242e-03
3.952073270183802806e-03
6.774982748886519343e-03
3.895615080609748232e-02
3.262028730945360812e-03
