7.041421516504808506e-03
1.195623921930011151e-02
4.104345360459346614e-02
2.362893126343895353e-02
4.208312658018478064e-02
3.990926490394839515e-02
2.573190614588502165e-02
4.999881855343683151e-02
2.010822050518655188e-02
1.111977505257437243e-01
7.466742279246709260e-03
2.823657285980955139e-02
7.795184423808511343e-02
2.535384324566999914e-02
6.963446043335459745e-02
2.804754140970203841e-02
3.842064223435173731e-02
3.435646605704024276e-02
1.003993289383521142e-01
2.594456652725597376e-02
2.603908225230972678e-02
4.437513291273835481e-02
4.584012665107157353e-02
4.376078069988894453e-02
3.147373644290069050e-02
