6.521437491327875674e-03
2.747328985708339180e-02
9.199389482447620225e-02
9.032884695434993672e-02
1.110031913417510721e-03
6.105175523796309289e-03
7.756347995004855833e-02
3.191341751075343295e-03
1.110031913417510764e-02
7.534341612321354686e-02
4.440127653670042883e-03
5.688913556264742905e-03
2.497571805189399176e-03
3.746357707784098764e-03
4.190370473151103226e-02
4.717635632024421051e-03
6.798945469682252975e-03
8.186485361454141213e-03
1.318162897183293956e-02
5.827667545441931121e-03
7.908977383099764780e-03
2.594699597613431274e-02
5.411405577910364736e-03
3.330095740252532379e-03
4.301373664492853799e-03
7.631469404745386612e-03
1.165533509088386224e-02
4.440127653670042883e-03
1.665047870126266190e-03
1.359789093936450595e-02
3.468849729429721029e-03
1.526293880949077322e-03
5.133897599555987436e-03
3.330095740252532379e-03
4.301373664492853799e-03
2.747328985708339180e-02
4.856389621201609268e-03
2.594699597613431274e-02
9.574025253226030319e-03
7.908977383099764780e-03
1.942555848480643924e-03
6.105175523796309289e-03
5.411405577910364736e-03
7.908977383099764780e-03
9.296517274871652151e-03
5.966421534619120205e-03
2.011932843069238336e-02
1.942555848480643707e-02
5.550159567087553820e-03
2.331067018176772448e-02
1.928680449562925059e-02
9.019009296517275717e-03
8.602747328985707598e-03
7.076453448036631143e-03
4.301373664492853799e-03
4.578881642847231967e-03
8.047731372276952996e-03
1.248785902594699588e-03
2.497571805189399176e-03
2.220063826835021441e-03
7.353961426391008444e-03
2.775079783543776910e-03
5.966421534619120205e-03
2.233939225752740523e-02
5.688913556264742905e-03
8.463993339808519381e-03
3.746357707784098764e-03
2.136811433328708251e-02
1.248785902594699675e-02
1.248785902594699588e-03
7.353961426391008444e-03
2.150686832246427246e-02
5.272651588733175652e-03
6.660191480505064758e-03
2.872207575967809096e-02
