2.502668722571462293e-02
7.353813308029889632e-03
7.140315502312892526e-02
7.472423200094888314e-03
2.443363776538963472e-02
1.874036294626971882e-02
1.067489028584984014e-03
9.844621041394852404e-03
5.100225358794923357e-03
5.218835250859922038e-03
1.055628039378484102e-02
3.321076977819950073e-03
7.235203415964891818e-03
2.965247301624955329e-03
1.304708812714980466e-02
1.518206618431977226e-02
1.304708812714980510e-03
1.067489028584983971e-02
2.134978057169968028e-03
3.439686869884948320e-03
1.458901672399478058e-02
2.134978057169968028e-03
4.269956114339936055e-03
4.388566006404933870e-03
4.863005574664926861e-03
6.642153955639900145e-03
1.233542877475981431e-02
4.151346222274937374e-03
1.043767050171984408e-02
4.744395682599929047e-03
2.609417625429961019e-03
1.304708812714980510e-03
3.570157751156446263e-02
1.008184082552484803e-02
1.648677499703475255e-02
4.625785790534930365e-03
5.337445142924919853e-03
8.302692444549874748e-03
4.744395682599929047e-03
1.458901672399478058e-02
2.965247301624955329e-03
1.494484640018977663e-02
4.625785790534930365e-03
1.174237931443482437e-02
3.605740718775946041e-02
1.280986834301980730e-02
5.408611078163919061e-02
6.760763847704898827e-03
2.965247301624955589e-02
4.032736330209939560e-03
6.642153955639900145e-03
3.795516546079943064e-03
2.016368165104969780e-03
3.795516546079943064e-03
9.726011149329853722e-03
1.660538488909975036e-03
2.253587949234966276e-03
4.625785790534930365e-03
2.431502787332463431e-02
1.779148380974973284e-03
4.744395682599929047e-03
7.116593523899893137e-03
7.353813308029889632e-03
5.337445142924919853e-03
3.012691258450954715e-02
1.613094532083975824e-02
1.530067607638477094e-02
2.301031906060965401e-02
4.744395682599929047e-03
1.874036294626971882e-02
1.779148380974973284e-03
1.850314316213972146e-02
2.490807733364962771e-03
3.914126438144940878e-03
6.997983631834895323e-03
3.558296761949946568e-03
2.016368165104969780e-03
2.372197841299964523e-03
1.660538488909975036e-03
7.472423200094888314e-03
3.676906654014944816e-03
2.134978057169968028e-03
4.744395682599929047e-03
2.111256078756968205e-02
1.008184082552484803e-02
1.186098920649982262e-03
4.388566006404933870e-03
5.811884711184912844e-03
3.558296761949946568e-03
4.151346222274937374e-03
7.591033092159886128e-03
4.625785790534930365e-03
7.353813308029889632e-03
1.138654963823983006e-02
2.609417625429961019e-03
8.302692444549874748e-03
2.134978057169967941e-02
1.814731348594472715e-02
1.316569801921480334e-02
5.100225358794923357e-03
