6.970534722714492003e-03
1.507525814607405326e-02
4.083079322322251403e-02
4.985704496585619677e-02
2.438505706386900201e-02
5.396847900569456957e-02
2.440868599513244114e-02
1.661113867819758588e-02
4.149240329859880255e-02
1.085985680867654346e-01
7.703031591881099628e-03
2.934713262919118326e-02
7.672313981238627900e-02
4.109071146712034439e-02
5.092034687271095039e-02
6.493230311193025350e-02
3.114293140521254277e-02
1.025731906145884997e-01
2.481037782661090277e-02
2.731504454053543252e-02
2.577916400841189989e-02
5.044776824744216792e-02
4.520214550695871719e-02
2.027362302403062227e-02
1.954112615486401638e-02
