1.447148366838458579e-02
2.873818219051844924e-02
2.972797706406362164e-02
4.955800539267551930e-02
3.925048636472234370e-02
1.450561452609304067e-02
6.088945015188231696e-02
6.689648110857025765e-02
4.399467558619748336e-02
1.389125908734086499e-02
6.607734052356735444e-02
8.164101163862247379e-02
7.566811153964299319e-02
3.150278166490323717e-02
3.576913887846001894e-02
2.754360217072255104e-02
4.727123792620908233e-02
4.262944127785931597e-02
3.665654117887982844e-02
2.221918836820369406e-02
1.802109287006382551e-02
7.959316017611522964e-02
2.218505751049523744e-02
2.959145363322980213e-02
2.170722550257687955e-02
