4.016918314784622378e-03
7.395855485456392757e-03
3.676661704591101254e-02
3.941305734741617356e-02
1.228704425698825577e-02
3.927128375983554576e-02
1.155454738782164814e-02
5.812717090805982756e-03
3.466364216346494442e-02
7.147751707190283521e-02
5.316509534273764631e-03
1.075116372486472488e-02
2.351078660712176138e-02
1.278325181352047389e-02
1.604404432787505039e-02
1.101108196876255350e-02
1.413010089553649526e-02
3.551428368894874593e-02
1.431913234564400651e-02
1.365752227026771626e-02
1.394106944542898401e-02
1.604404432787505039e-02
7.679402660617660505e-03
3.114293140521254277e-02
8.246497010940195133e-03
2.117152241204130203e-02
2.958342194182557103e-02
6.734245410080102502e-03
1.001866685569811725e-02
2.020273623024030490e-02
1.720186195978356050e-02
6.238037853547884377e-03
2.022636516150374403e-02
1.876137142317052878e-02
1.866685569811677575e-02
5.236171167978072305e-02
4.210675551144821976e-02
5.174735946693130757e-03
7.192646676590817856e-02
2.169135889983695928e-02
2.766947850948701590e-02
2.247111363153044689e-02
6.521585028709151258e-03
2.124240920583161940e-02
1.441364807069776301e-02
5.387396328064082002e-03
1.490985562722998113e-02
9.262541055268070506e-03
1.613856005292880688e-02
3.166276789300820002e-03
