2.146839046376467636e-02
8.658522120744870793e-03
7.057288577867394663e-02
8.184082552484877801e-03
2.087534100343968815e-02
1.696121456529474728e-02
1.067489028584984014e-03
5.100225358794923357e-03
7.472423200094888314e-03
6.286324279444905835e-03
4.032736330209939560e-03
1.020045071758984671e-02
4.863005574664926861e-03
1.435179693986478495e-02
4.388566006404933870e-03
1.269125845095481035e-02
2.253587949234966276e-03
1.138654963823983006e-02
1.186098920649982132e-02
5.811884711184912844e-03
3.202467085754951825e-03
3.558296761949946568e-03
1.779148380974973284e-03
5.337445142924919853e-03
1.292847823508480598e-02
4.625785790534930365e-03
1.316569801921480334e-02
1.779148380974973284e-03
4.507175898469932551e-03
9.488791365199857660e-04
1.091211006997983707e-02
2.561973668603961460e-02
9.251571581069860731e-03
1.364013758747479460e-02
2.134978057169968028e-03
2.965247301624955589e-02
7.591033092159886128e-03
1.885897283833471577e-02
1.897758273039971532e-03
5.100225358794923357e-03
2.846637409559957515e-03
7.353813308029889632e-03
8.065472660419879120e-03
1.470762661605977926e-02
5.693274819119915030e-03
1.660538488909974950e-02
4.981615466729925196e-02
1.779148380974973284e-03
9.014351796939865102e-03
1.767287391768473589e-02
5.218835250859922038e-03
1.862175305420472188e-02
2.514529711777962334e-02
5.930494603249910658e-03
1.352152769540979765e-02
2.016368165104969780e-03
2.016368165104969780e-03
2.372197841299964523e-03
6.049104495314909340e-03
3.155023128928952786e-02
5.574664927054916348e-03
1.067489028584983971e-02
5.930494603249910658e-03
1.779148380974973284e-03
1.779148380974973284e-03
1.660538488909975036e-03
4.269956114339936055e-03
6.167714387379907154e-03
3.083857193689953577e-03
3.238050053374451343e-02
5.930494603249910658e-03
2.609417625429961019e-03
1.008184082552484803e-02
6.404934171509903650e-03
2.218004981615466845e-02
1.957063219072470786e-02
2.134978057169968028e-03
7.828252876289881756e-03
3.676906654014944816e-03
4.032736330209939560e-03
6.997983631834895323e-03
1.209820899062981868e-02
3.771794567666943154e-02
4.388566006404933870e-03
1.340291780334479897e-02
1.541928596844976788e-03
4.744395682599929047e-03
4.032736330209939560e-03
1.826592337800972757e-02
6.404934171509903650e-03
1.435179693986478495e-02
1.352152769540979765e-02
2.016368165104969780e-03
2.372197841299964523e-03
1.186098920649982262e-03
1.340291780334479897e-02
4.151346222274937374e-03
2.134978057169968028e-03
2.490807733364962771e-03
6.049104495314909340e-03
