5.883050646423911706e-02
3.048274226070454146e-02
1.828964535642272626e-01
3.498991815917447401e-02
3.807377535286442932e-02
5.539081959435417091e-02
1.636816510496975560e-02
2.692444549875459489e-02
2.668722571462460100e-02
2.656861582255960058e-02
5.373028110544419284e-02
4.103902265448938769e-02
5.171391294033922392e-02
1.624955521290475519e-02
1.150515953030482735e-01
3.949709405764440656e-02
1.292847823508480598e-02
4.198790179100937020e-02
1.091211006997983707e-02
1.458901672399478058e-02
4.969754477523425501e-02
8.895741904874866421e-03
1.530067607638477094e-02
1.352152769540979765e-02
1.767287391768473589e-02
