1.614389569609884362e-02
3.293627768865831779e-02
3.085429536844261009e-02
4.931908938871634035e-02
2.167309464486842641e-02
5.925116898187651748e-02
1.989829004402880741e-02
4.931908938871634035e-02
1.754326086214546415e-02
6.723778968565480296e-02
5.187890371685040247e-02
2.450595583467012409e-02
2.989863135260589083e-02
8.959350148469230612e-02
5.399501689477456678e-02
3.522304515512474782e-02
7.358612921942728202e-02
8.327929280862828021e-02
2.341376838799958879e-02
4.757841564558517450e-02
2.808969589405781869e-02
1.197993105566742822e-02
3.177582852657086926e-02
2.198027236424451511e-02
2.904535990989453448e-02
