3.000000000000000062e-03
1.559999999999999928e-02
4.259999999999999898e-02
3.020000000000000115e-02
2.520000000000000018e-02
3.020000000000000115e-02
3.059999999999999873e-02
6.599999999999999964e-03
1.020000000000000073e-02
6.400000000000000307e-03
4.000000000000000083e-03
8.600000000000000006e-03
3.359999999999999792e-02
4.000000000000000083e-03
5.799999999999999600e-03
5.199999999999999761e-03
2.599999999999999881e-03
2.399999999999999790e-03
7.599999999999999985e-03
3.119999999999999857e-02
7.000000000000000146e-03
3.599999999999999901e-03
6.199999999999999782e-03
6.759999999999999343e-02
3.399999999999999811e-03
5.879999999999999810e-02
2.399999999999999790e-03
9.599999999999999159e-03
1.799999999999999864e-02
7.799999999999999642e-03
5.799999999999999600e-03
7.000000000000000146e-03
2.599999999999999881e-03
1.760000000000000106e-02
4.799999999999999580e-03
6.000000000000000125e-03
6.199999999999999782e-03
8.999999999999999667e-02
5.000000000000000104e-03
5.199999999999999761e-03
4.199999999999999740e-03
6.400000000000000307e-03
2.100000000000000130e-02
1.020000000000000073e-02
9.199999999999999845e-03
6.199999999999999782e-03
3.200000000000000153e-03
1.799999999999999951e-03
2.399999999999999790e-03
2.799999999999999972e-03
1.859999999999999848e-02
3.559999999999999970e-02
1.899999999999999953e-02
2.399999999999999790e-03
1.619999999999999912e-02
4.400000000000000265e-03
3.740000000000000269e-02
1.480000000000000066e-02
1.359999999999999924e-02
5.000000000000000104e-03
1.340000000000000045e-02
5.799999999999999600e-03
3.000000000000000062e-03
3.799999999999999992e-03
2.800000000000000058e-02
2.000000000000000042e-03
4.599999999999999922e-03
8.200000000000000691e-03
3.200000000000000153e-03
8.999999999999999320e-03
3.599999999999999901e-03
2.939999999999999905e-02
5.199999999999999761e-03
4.799999999999999580e-03
1.399999999999999986e-03
