1.580000000000000154e-02
2.253999999999999893e-01
2.639999999999999986e-02
5.059999999999999915e-02
5.059999999999999915e-02
4.900000000000000189e-02
4.460000000000000075e-02
1.540000000000000049e-02
1.179999999999999973e-02
2.460000000000000034e-02
1.379999999999999977e-02
1.739999999999999880e-02
1.400000000000000029e-02
1.820000000000000090e-02
1.799999999999999864e-02
1.885999999999999899e-01
8.200000000000000691e-03
2.319999999999999840e-02
1.379999999999999977e-02
6.880000000000000004e-02
8.600000000000000006e-03
1.400000000000000029e-02
2.900000000000000147e-02
2.680000000000000090e-02
2.340000000000000066e-02
