3.012691258450954715e-02
8.658522120744870793e-03
7.164037480725891915e-02
1.589372553670976088e-02
2.087534100343968815e-02
1.696121456529474728e-02
1.541928596844976788e-03
5.456055034989918534e-03
1.589372553670976088e-02
6.523544063574902331e-03
6.760763847704898827e-03
1.114932985410983270e-02
8.539912228679872111e-03
1.589372553670976088e-02
6.404934171509903650e-03
1.696121456529474728e-02
3.202467085754951825e-03
1.411457715573478759e-02
1.648677499703475255e-02
8.184082552484877801e-03
3.676906654014944816e-03
8.302692444549874748e-03
3.439686869884948320e-03
5.337445142924919853e-03
1.636816510496975560e-02
4.625785790534930365e-03
1.316569801921480334e-02
2.253587949234966276e-03
4.507175898469932551e-03
4.151346222274937374e-03
1.897758273039971619e-02
3.285494010200450815e-02
2.004507175898469912e-02
1.707982445735974422e-02
6.642153955639900145e-03
4.436009963230933689e-02
9.014351796939865102e-03
2.550112679397461765e-02
2.016368165104969780e-03
6.286324279444905835e-03
6.642153955639900145e-03
8.777132012809867739e-03
1.162376942236982569e-02
4.258095125133436187e-02
6.049104495314909340e-03
2.751749495907958656e-02
5.420472067370418756e-02
3.083857193689953577e-03
9.014351796939865102e-03
2.728027517494958920e-02
7.472423200094888314e-03
2.716166528288459225e-02
2.763610485114458698e-02
6.286324279444905835e-03
1.364013758747479460e-02
2.016368165104969780e-03
2.016368165104969780e-03
2.728027517494959267e-03
6.760763847704898827e-03
3.155023128928952786e-02
5.574664927054916348e-03
1.233542877475981431e-02
5.930494603249910658e-03
2.372197841299964523e-03
2.965247301624955329e-03
1.779148380974973284e-03
4.269956114339936055e-03
6.167714387379907154e-03
3.083857193689953577e-03
3.238050053374451343e-02
6.167714387379907154e-03
2.965247301624955329e-03
1.008184082552484803e-02
7.828252876289881756e-03
2.218004981615466845e-02
