8.741501318162897549e-03
7.908977383099764780e-02
7.908977383099764780e-02
1.248785902594699675e-02
2.358817816012210525e-03
4.717635632024421051e-03
1.526293880949077322e-03
8.006105175523796358e-02
1.040654918828916309e-02
8.033855973359234348e-02
6.521437491327875674e-03
4.023865686138476498e-03
6.798945469682252975e-03
1.803801859303455057e-03
5.411405577910364736e-03
3.607603718606910113e-03
6.660191480505064758e-03
3.052587761898154645e-03
1.831552657138892787e-02
2.830581379214652457e-02
1.234910503676980680e-02
6.798945469682252975e-03
1.942555848480643924e-03
5.133897599555987436e-03
8.186485361454141213e-03
2.358817816012210525e-03
4.995143610378798352e-03
1.803801859303455057e-03
3.330095740252532379e-03
1.942555848480643924e-03
3.885111696961287848e-03
5.688913556264742905e-03
6.937699458859442276e-04
1.512418482031358327e-02
2.775079783543776910e-03
6.521437491327875674e-03
4.440127653670042883e-03
1.068405716664354126e-02
2.358817816012210525e-03
6.382683502150686590e-03
5.272651588733175652e-03
2.913833772720965561e-03
1.942555848480643924e-03
7.353961426391008444e-03
3.094213958651311283e-02
1.026779519911197487e-02
4.440127653670042883e-03
1.859303454974330430e-02
3.746357707784098764e-03
2.469821007353961359e-02
5.411405577910364736e-03
4.717635632024421051e-03
1.859303454974330430e-02
8.325239350631330948e-04
3.885111696961287848e-03
2.775079783543776910e-03
1.401415290689607407e-02
4.023865686138476498e-03
4.856389621201609268e-03
1.748300263632579510e-02
4.023865686138476498e-03
4.301373664492853799e-03
5.966421534619120205e-03
1.526293880949077322e-03
6.243929512973498373e-03
1.443041487442764045e-02
1.082281115582072947e-02
5.966421534619120205e-03
3.607603718606910113e-03
5.966421534619120205e-03
2.317191619259053800e-02
2.913833772720965561e-03
5.688913556264742905e-03
1.248785902594699588e-03
2.775079783543776910e-03
2.358817816012210525e-03
1.068405716664354126e-02
2.164562231164145895e-02
4.301373664492853799e-03
4.162619675315665582e-03
4.717635632024421051e-03
5.827667545441931121e-03
2.497571805189399176e-03
1.123907312335229586e-02
4.162619675315665582e-03
4.856389621201609268e-03
4.578881642847231967e-03
6.521437491327875674e-03
1.526293880949077322e-03
8.325239350631330948e-04
1.803801859303455057e-03
1.665047870126266190e-03
4.301373664492853799e-03
3.468849729429721029e-03
1.665047870126266233e-02
2.220063826835021441e-03
6.382683502150686590e-03
1.082281115582072947e-02
2.414319411683085725e-02
2.497571805189399176e-03
