5.693274819119914509e-02
3.297354999406950510e-02
1.658166291068675080e-01
3.558296761949946568e-02
3.546435772743446874e-02
5.503498991815917313e-02
2.158700035582967677e-02
8.539912228679872111e-03
2.988969280037955326e-02
3.415964891471948844e-02
3.048274226070454146e-02
6.084687462934408597e-02
1.862175305420472188e-02
4.874866563871426556e-02
4.400426995611433911e-02
9.963230933459850391e-02
1.008184082552484803e-02
4.246234135926936493e-02
1.636816510496975560e-02
1.921480251452971008e-02
1.186098920649982132e-02
2.716166528288459225e-02
4.791839639425927999e-02
2.988969280037955326e-02
1.672399478116474991e-02
