7.112308310295125009e-03
1.394106944542898401e-02
4.113796932964722264e-02
5.196001984830225795e-02
2.533021431440656002e-02
5.082583114765719390e-02
1.464993738333215251e-02
2.662980553389570140e-02
4.224852909902884757e-02
1.131589518206091577e-01
7.419484416719831880e-03
3.222986224333073552e-02
5.963942250891992453e-02
4.227215803029228669e-02
2.705512629663760216e-02
4.378440963115238366e-02
9.215283192741192952e-02
2.622811370241723977e-02
2.599182438978284854e-02
4.673802603908225328e-02
2.556650362704094778e-02
7.133574348432220047e-02
4.619456062002315344e-02
4.687979962666288802e-02
1.951749722360057726e-02
