4.893043096418041651e-03
2.070133617715325114e-03
3.638416661439056524e-03
7.446207891600276074e-02
3.236936202245781213e-02
3.324760052694310242e-03
8.907847688350793020e-03
3.964619534533592865e-02
3.324760052694310242e-03
1.743930744620789119e-02
5.583087635656483645e-03
3.638416661439056524e-03
8.343265792610250753e-03
1.913305313342952146e-02
7.841415218618657049e-03
4.077535913681701665e-03
3.575685339690107094e-03
3.073834765698513390e-03
3.136566087447462386e-03
7.841415218618657049e-03
2.321058904711122400e-03
5.796374129602911013e-02
6.774982748886519343e-03
5.896744244401229927e-03
1.016247412332977815e-02
7.339564644627062477e-03
3.763879304936954950e-03
4.328461200677498517e-03
1.110344394956401699e-02
2.571984191706919252e-03
3.011103443949563960e-03
3.055015369173828474e-02
3.255755598770466303e-02
4.579386487673295369e-03
3.205570541371306759e-02
6.461326140141773061e-03
1.386362210651778497e-02
6.800075277586098421e-02
3.512954017941158098e-03
3.262028730945360812e-03
3.952073270183802806e-03
3.324760052694310242e-03
4.265729878928549088e-03
3.726240511887585205e-02
3.857976287560378748e-02
1.135436923655981471e-02
2.509252869957969822e-03
1.737657612445894090e-02
4.704849131171193362e-03
5.583087635656483645e-03
3.538046546640737783e-02
3.638416661439056524e-03
2.697446835204817678e-03
3.324760052694310242e-03
4.014804591932752235e-03
3.952073270183802806e-03
1.574556175898626093e-02
4.140267235430650228e-03
2.195596261213223627e-02
1.499278589799887124e-02
9.848817514585031865e-03
3.475315224891788179e-02
2.628442381280973739e-02
4.014804591932752235e-03
6.461326140141773061e-03
2.396336490809861455e-02
3.575685339690107094e-03
4.830311774669092222e-03
2.132864939464274544e-03
1.292265228028354612e-02
8.594191079606046738e-03
2.070133617715325114e-03
7.966877862116554174e-03
5.081237061664889074e-03
4.234364218054074286e-02
