6.723778968565480123e-03
1.484692310317758251e-02
1.682651285026792731e-02
3.163930509573705668e-02
1.935219632069353976e-02
8.327929280862827327e-03
3.710024232908973318e-02
4.153725383118878067e-02
1.194580019795897508e-02
7.099218403358475982e-03
2.119526263695006504e-02
2.426703983071094514e-02
1.965937404006962846e-02
8.157274992320556403e-03
1.416430594900849882e-02
1.071708932045462373e-02
2.116113177924161190e-02
1.907914945902590420e-02
1.372060479879859407e-02
1.054643503191235281e-02
6.655517253148571233e-03
4.751015393016826821e-02
8.942284719615004734e-03
2.092221577528243295e-02
2.133178606778388456e-02
3.665654117887982844e-02
3.140038909177787774e-02
2.198027236424451511e-02
1.706542885422710626e-02
1.539301682651285016e-02
1.211645448650124600e-02
1.733847571589474182e-02
3.559848458991774628e-02
2.037612205194716530e-02
3.826069149117717477e-02
3.235605310761459352e-02
2.607597528925902075e-02
2.515444213113075464e-02
2.054677634048943796e-02
2.515444213113075464e-02
2.887470562135226529e-02
6.484862964606300309e-03
1.897675688590054130e-02
1.481279224546912937e-02
1.720195228506092230e-02
4.675927506058227302e-03
2.494965698488002884e-02
1.361821222567323117e-02
1.877197173964981897e-02
1.273080992525342167e-02
