5.529198948769582789e-03
8.054882419195195237e-03
9.351855012116454605e-03
1.126318304378988965e-02
3.140038909177787687e-03
2.116113177924161277e-03
1.911328031673435908e-03
5.290282944810402975e-03
1.679238199255947417e-02
9.010546435031912757e-03
1.754326086214546415e-02
2.593945185842520037e-03
2.085395405986552320e-02
1.030751902795317212e-02
6.894433257107751047e-03
8.498583569405099986e-03
1.993242090173726055e-02
9.078808150448820780e-03
8.362060138571282206e-03
2.228745008362060034e-02
9.522509300658725528e-03
8.908153861906549856e-03
2.866992047510153862e-03
4.129833782722959652e-03
4.198095498139868542e-03
1.692890542339329021e-02
8.293798423154374183e-03
2.628076043550974482e-03
8.430321853988190228e-03
1.556367111505512109e-02
1.058056588962080595e-02
6.621386395440117222e-03
9.385985869824909483e-03
1.232123963275197180e-02
1.023925731253626410e-02
3.549609201679237991e-03
1.099013618212225755e-02
2.614423700467592704e-02
1.013686473941090120e-02
2.187787979111915221e-02
1.122905218608143650e-02
1.887436431277517840e-02
5.563329806478036800e-03
2.163896378715996979e-02
1.153622990545752347e-02
1.778217686610464657e-02
9.761425304617904475e-03
1.194580019795897508e-02
1.689477456568483707e-02
1.645107341547493232e-02
1.256015563671115075e-02
8.396190996279737084e-03
1.361821222567323117e-02
1.238950134816887982e-02
8.498583569405099986e-03
1.187753848254206705e-02
5.460937233352673899e-03
5.017236083142769150e-03
5.119628656268132051e-03
1.143383733233216230e-02
1.942045803611044605e-02
1.621215741151574991e-02
6.723778968565480123e-03
4.914843510017407116e-03
7.201610976483838883e-03
1.184340762483361217e-02
1.017099559711935608e-02
8.123144134612103259e-03
1.290146421379569260e-02
1.238950134816887982e-02
8.054882419195195237e-03
5.972900098979487538e-03
5.802245810437216614e-03
1.604150312297348072e-02
1.126318304378988965e-02
8.669237857947370909e-03
5.802245810437216614e-03
5.358544660227311865e-03
1.010273388170244632e-02
2.764599474384791394e-03
4.232226355848322553e-03
1.232123963275197180e-02
5.665722379603399701e-03
9.829687020034814232e-03
1.088774360899689465e-02
1.252602477900269587e-02
1.054643503191235281e-02
1.976176661319498790e-02
1.279907164067032969e-02
1.706542885422710626e-02
5.870507525854124636e-03
5.119628656268132051e-03
4.983105225434315139e-03
5.495068091061128777e-03
5.631591521894944823e-03
4.334618928973685455e-03
5.768114952728761735e-03
8.396190996279737084e-03
1.433496023755076931e-03
9.420116727533362627e-03
