3.510852805123947096e-02
1.719843434942474117e-02
7.413118254062388279e-02
1.992646186691970217e-02
2.206143992408966803e-02
2.988969280037955326e-02
7.591033092159886128e-03
1.909619262246471313e-02
4.625785790534930365e-03
1.186098920649982132e-02
1.221681888269481736e-02
3.048274226070454146e-02
2.538251690190962070e-02
1.897758273039971619e-02
7.828252876289881756e-03
4.625785790534930886e-02
7.472423200094888314e-03
1.672399478116474991e-02
9.607401257264855041e-03
4.151346222274937374e-03
2.490807733364962598e-02
1.933341240659471050e-02
8.065472660419879120e-03
1.031906060965484540e-02
1.197959909856482000e-02
3.166884118135452481e-02
9.488791365199858094e-03
3.558296761949946568e-03
1.767287391768473589e-02
2.645000593049460363e-02
9.251571581069860731e-03
3.356659945439449677e-02
7.235203415964891818e-03
1.197959909856482000e-02
3.534574783536947179e-02
9.251571581069860731e-03
1.684260467322974686e-02
3.024552247657454757e-02
6.642153955639900145e-03
2.360336852093464569e-02
6.167714387379907154e-03
8.065472660419879120e-03
1.968924208278970481e-02
3.143162139722453091e-02
5.337445142924919853e-03
5.610247894674415953e-02
1.482623650812477795e-02
5.278140196892421032e-02
3.261772031787450732e-02
4.981615466729925543e-03
