5.563329806478036800e-03
1.402778251817468104e-02
1.706542885422710626e-02
3.457455885866411727e-02
1.484692310317758251e-02
1.044404245878698990e-02
1.112665961295607360e-02
2.003481347486262346e-02
1.211645448650124600e-02
3.116147308781869532e-02
1.423256766442540684e-02
1.955698146694426556e-02
2.587119014300829495e-02
3.822656063346872163e-02
2.327724495716577274e-02
2.802143417864090894e-02
1.129731390149834452e-02
4.201508583910713857e-02
1.310624936004641840e-02
9.112939008157275658e-03
2.597358271613365785e-02
1.505170824942830832e-02
7.713573842110652522e-03
1.334516536400559734e-02
1.556367111505512109e-02
2.969384620635516503e-02
3.252670739615686618e-02
2.099047749069934271e-02
4.948974367725861127e-03
1.819174715860609470e-02
1.501757739171985344e-02
2.454008669237858070e-02
2.327724495716577274e-02
3.129799651865251137e-02
4.105942182327041584e-02
1.187753848254206705e-02
2.679272330113655759e-02
1.378886651421550209e-02
2.791904160551554603e-02
1.744086828902010472e-02
3.075190279531724719e-02
1.774804600839618995e-02
2.064916891361480086e-02
2.515444213113075464e-02
1.655346598860029522e-02
1.733847571589474182e-02
1.665585856172565465e-02
1.897675688590054130e-02
1.587084883443120806e-02
7.611181268985289620e-03
