1.651172471208547238e-02
2.719578187872901190e-02
8.852504509504648122e-02
6.438185097821562397e-02
1.387539891771888455e-03
4.856389621201609268e-03
1.706674066879422871e-02
4.301373664492853799e-03
8.422367143055363436e-02
4.717635632024421051e-03
8.463993339808519381e-03
1.803801859303455057e-03
3.829610101290412127e-02
3.607603718606910113e-03
9.296517274871652151e-03
6.660191480505064758e-03
1.137782711252948581e-02
6.105175523796309289e-03
2.636325794366587826e-03
2.775079783543776910e-03
8.186485361454141213e-03
1.026779519911197487e-02
8.047731372276952996e-03
1.789926460385736148e-02
1.567920077702233961e-02
4.578881642847231967e-03
1.803801859303455057e-03
3.330095740252532379e-03
6.937699458859442059e-03
4.995143610378798352e-03
4.578881642847231967e-03
7.076453448036631143e-03
8.463993339808519381e-03
1.984182045233800346e-02
3.330095740252532379e-03
2.400444012765367077e-02
2.442070209518523716e-02
1.595670875537671604e-02
1.526293880949077322e-03
5.688913556264742905e-03
3.330095740252532379e-03
2.830581379214652457e-02
6.798945469682252975e-03
7.076453448036631143e-03
2.497571805189399349e-02
8.463993339808519381e-03
2.802830581379214814e-02
6.937699458859442059e-03
2.636325794366587826e-03
8.741501318162897549e-03
7.631469404745386612e-03
3.330095740252532466e-02
5.550159567087553820e-03
7.076453448036631143e-03
1.526293880949077322e-03
4.578881642847231967e-03
1.082281115582072947e-02
3.746357707784098764e-03
9.712779242403219620e-04
1.401415290689607407e-02
5.910919938948244745e-02
4.578881642847231967e-03
1.914805050645206064e-02
2.220063826835021441e-03
6.105175523796309289e-03
9.296517274871652151e-03
3.191341751075343295e-03
7.353961426391008444e-03
3.468849729429721029e-03
4.162619675315665582e-03
1.678923269043984881e-02
5.272651588733175652e-03
3.982239489385319686e-02
1.248785902594699588e-03
2.913833772720965561e-03
