1.573536802668250578e-01
6.574679033216064561e-02
6.666057477041166524e-02
7.209759217800520981e-02
6.350801845844565065e-03
7.260017361904326505e-02
5.437017407593548908e-03
1.110248092474985099e-02
2.668250559692968496e-02
2.796180381048110619e-02
1.553433545026728160e-02
1.681363366381870630e-02
1.626536300086809522e-02
1.110248092474985099e-02
2.284461095627541259e-03
9.411979713985470578e-03
1.764974642481838552e-01
3.152556311966007302e-02
4.093754283364554186e-02
5.240553753369579792e-02
2.745922236944304748e-02
4.664869557271439371e-02
3.472380865353862957e-03
2.965230502124548834e-02
7.995613834696395708e-03
