8.201215333302873389e-02
6.661488554849910593e-02
6.597523644172340052e-02
4.504957280577511630e-02
2.604285649015397434e-03
5.953305615205373158e-02
1.279298213551423183e-03
1.324987435463974034e-03
1.818431032119522880e-02
6.899072508795175279e-03
2.398684150408918539e-02
1.055421026179924164e-02
3.198245533878557850e-03
6.762004843057522509e-03
2.645405948736693005e-02
7.995613834696395361e-02
1.334125279846484248e-02
3.837894640654269766e-03
5.176588842692009251e-02
3.974962306391922537e-03
2.412390916982683903e-02
1.247315758212637696e-02
7.538721615570886762e-03
4.797368300817837425e-03
4.322200392927308399e-02
5.893909626719056986e-03
1.329556357655229185e-02
2.604285649015397434e-03
1.918947320327134883e-03
3.230227989217343554e-02
5.893909626719056986e-03
8.452506053821903786e-03
8.224059944259148880e-04
1.599122766939278925e-03
2.001187919769726459e-02
1.338694202037739311e-02
1.279298213551423183e-03
7.895097546488782925e-02
4.294786859779777845e-03
8.242335633024169828e-02
4.386165303604879981e-03
8.224059944259148880e-03
9.320601270160369309e-03
2.878420980490702108e-03
7.355964727920683358e-03
6.579247955407319104e-03
8.315438388084250149e-03
5.025814410380591464e-03
1.005162882076118293e-03
8.315438388084250149e-03
