5.966421534619120205e-03
5.189399195226862549e-02
9.268766477036215201e-02
8.616622727903426593e-02
4.995143610378798352e-03
3.607603718606910113e-03
7.950603579852920377e-02
8.033855973359234348e-02
8.186485361454141213e-03
1.387539891771888412e-02
6.243929512973498373e-03
6.798945469682252975e-03
3.468849729429721029e-03
1.387539891771888455e-03
1.068405716664354126e-02
3.330095740252532379e-03
7.631469404745386612e-03
2.109060635493270261e-02
1.456916886360482867e-02
1.609546274455390599e-02
3.191341751075343295e-03
5.688913556264742905e-03
2.081309837657832618e-02
3.191341751075343295e-03
9.990287220757596703e-03
1.540169279866796144e-02
8.047731372276952996e-03
5.133897599555987436e-03
6.660191480505064758e-03
4.440127653670042883e-03
3.330095740252532379e-03
1.665047870126266190e-03
2.913833772720965561e-03
1.387539891771888455e-03
7.353961426391008444e-03
5.827667545441931121e-03
2.358817816012210525e-03
4.634383238518107601e-02
5.133897599555987436e-03
8.741501318162897549e-03
2.553073400860274636e-02
1.234910503676980680e-02
1.873178853892049425e-02
1.859303454974330430e-02
7.215207437213820227e-03
2.081309837657832791e-03
2.344942417094491444e-02
2.081309837657832791e-03
9.574025253226030319e-03
7.770223393922575696e-03
2.830581379214652457e-02
3.330095740252532379e-03
8.325239350631331164e-03
2.220063826835021528e-02
8.186485361454141213e-03
5.550159567087553820e-03
3.468849729429721029e-03
1.845428056056611782e-02
1.123907312335229586e-02
7.631469404745386612e-03
4.023865686138476498e-03
2.497571805189399176e-03
2.220063826835021441e-03
4.856389621201609268e-03
2.081309837657832791e-03
5.133897599555987436e-03
3.885111696961287848e-03
5.133897599555987436e-03
4.023865686138476498e-03
2.497571805189399176e-03
6.382683502150686590e-03
2.775079783543776910e-03
1.040654918828916309e-02
7.908977383099764780e-03
5.966421534619120205e-03
