6.553124680023209199e-03
1.600737226526502757e-02
1.259428649441960563e-02
2.959145363322980213e-02
1.153622990545752347e-02
2.426703983071094514e-02
1.477866138776067449e-02
2.832861189801699764e-02
6.757909826273934134e-03
2.983036963718898107e-02
1.938632717840199290e-02
6.996825830233113948e-03
1.157036076316597835e-02
3.467695143178948364e-02
2.655380729717737864e-02
1.320864193317178130e-02
4.184443155056486591e-02
4.150312297348032059e-02
9.249462438991091703e-03
2.426703983071094514e-02
1.614389569609884362e-02
7.167480118775384872e-03
1.597324140755657096e-02
1.395952080275777302e-02
1.692890542339329021e-02
2.078569234444861691e-02
1.914741117444281396e-02
5.703266323082699374e-02
1.703129799651865312e-02
1.897675688590054130e-02
2.727055530905491548e-02
2.440356326154476119e-02
1.638281170005802256e-02
1.839653230485682051e-02
5.938769241271033526e-03
1.590497969213966467e-02
2.447182497696167094e-02
1.679238199255947417e-02
1.365234308338168605e-02
2.706577016280418968e-02
2.484726441175466594e-02
2.153657121403461036e-02
1.761152257756237391e-02
1.433496023755076974e-02
3.092255708385951637e-02
4.280009556640158169e-02
9.624901873784088430e-03
1.559780197276357597e-02
1.419843680671695196e-02
5.597460664186490811e-03
