1.436909109525922462e-02
1.529062425338748726e-02
1.645107341547493232e-02
9.181200723574183681e-03
1.662172770401720151e-02
9.283593296699546582e-03
9.147069865865728802e-03
3.279975425782449827e-02
2.010307519027953321e-02
1.996655175944571370e-02
2.081982320215707005e-02
2.877231304822690239e-02
6.075292672104849571e-03
3.204887538823850829e-02
1.675825113485101756e-02
1.208232362879279112e-02
1.433496023755076974e-02
1.501757739171985344e-02
3.331171712345130931e-02
1.378886651421550209e-02
2.556401242363220624e-02
1.419843680671695196e-02
2.556401242363220624e-02
3.259496911157377247e-02
1.979589747090344451e-02
1.989829004402880741e-02
3.235605310761459352e-02
2.559814328134065939e-02
2.467661012321239675e-02
1.907914945902590420e-02
3.095668794156797299e-02
3.194648281511314192e-02
2.484726441175466594e-02
1.382299737192395697e-02
1.563193283047202911e-02
1.648520427318338546e-02
3.344824055428512882e-02
2.027372947882180240e-02
2.662206901259428493e-02
5.222021229393494952e-03
2.979623877948052793e-02
6.723778968565480123e-03
1.791870029693846261e-02
2.651967643946892550e-02
2.129765521007542795e-02
1.477866138776067449e-02
3.041059421823270534e-02
1.160449162087443323e-02
7.201610976483838883e-03
1.894262602819208816e-02
