6.825969753735093570e-02
3.170832000731027556e-02
3.819618951889248992e-02
2.764197925709325002e-02
3.015488646228354878e-03
2.869283136108191981e-02
3.381002421528761254e-03
2.147393429889888922e-03
1.398090190524055310e-02
1.233608991638872332e-02
5.299949741855896138e-03
4.980125188468039962e-03
5.802531182893955718e-03
3.837894640654269766e-03
5.939598848631607404e-04
6.853383286882624428e-04
6.825969753735093570e-02
1.114817014666240162e-02
6.990450952620276548e-03
6.305112623932014430e-03
6.396491067757115916e-04
2.202220496184949944e-02
3.609448531091515727e-03
2.284461095627541433e-02
8.726641385297207593e-03
1.000593959884863229e-02
8.178370722346598246e-03
2.284461095627541259e-03
1.050852103988669144e-03
2.165669118654909436e-02
6.396491067757115916e-04
7.767167725133641452e-04
1.873258098414584032e-03
4.797368300817837425e-03
1.229040069447617269e-02
1.320418513272718884e-02
4.660300635080184654e-03
7.726047425412345404e-02
7.424498560789509483e-02
2.380408461643898285e-02
1.918947320327134883e-03
5.939598848631607404e-04
1.096541325901219995e-03
4.386165303604879981e-03
5.117192854205692733e-03
5.985288070544158255e-03
5.848220404806506352e-03
6.030977292456709757e-03
2.321012473157582287e-02
1.279298213551423183e-03
5.939598848631607404e-04
6.122355736281811026e-03
6.716315621144971874e-03
6.259423402019463796e-03
9.137844382510165904e-04
8.680952163384656958e-03
7.081829396445378684e-03
3.650568830812811472e-02
6.762004843057522509e-03
4.034358294878238188e-02
1.279298213551423183e-03
1.507744323114177439e-03
2.380408461643898285e-02
3.801343263124228739e-02
1.206195458491341951e-02
5.208571298030794869e-03
5.482706629506099976e-04
3.015488646228354878e-03
2.101704207977338288e-03
2.878420980490702108e-02
4.568922191255082518e-03
1.699639055146890884e-02
1.279298213551423183e-03
4.431854525517430615e-03
2.311874628775071813e-02
