3.355308239408331689e-03
7.372226554192953633e-03
2.261288721911107816e-02
2.622811370241723977e-02
4.418610146263084876e-03
2.618085583989036152e-02
6.592471822499468628e-03
2.386522057607334563e-03
2.010822050518655188e-02
5.146381229177004329e-02
3.426195033198648626e-03
6.734245410080102502e-03
1.604404432787505039e-02
5.789088159542543632e-03
4.678528390160912633e-03
5.930861747123177506e-03
4.843930909004985630e-03
1.835967959169206715e-02
4.371352283736206629e-03
8.270125942203634256e-03
4.324094421209328382e-03
1.068027693107440751e-02
4.938446634058741257e-03
7.868434110725172626e-03
1.398832730795586052e-02
1.533517638997188189e-02
2.102974882446066816e-03
2.693698164032041001e-03
1.405921410174617789e-02
5.032962359112497751e-03
1.540606318376219926e-02
7.844805179461733502e-03
2.835471751612674441e-03
6.710616478816663379e-03
6.734245410080102502e-03
9.451572505375581759e-03
5.623685640698471502e-03
4.087805108574938881e-03
1.807613241653080113e-02
3.908225230972803277e-02
2.244748470026700689e-03
1.479171097091278551e-02
1.212164173814418364e-02
3.709742208359915940e-03
1.030221403085938500e-02
4.843930909004985630e-03
6.923276860187613756e-03
6.805132203870419005e-03
8.411899529784267263e-03
9.309798917794948753e-03
1.160180525034852639e-02
1.509888707733749239e-02
2.230571111268637302e-02
1.082205051865504052e-02
2.150232744972945063e-03
1.004229578696155638e-02
2.377070485101958827e-02
6.710616478816663379e-03
2.277828973795515202e-02
1.016044044327875026e-02
5.363767396800642878e-03
9.097138536423998376e-03
3.993289383521183254e-03
1.006592471822499550e-02
6.710616478816663379e-03
8.648188842418656763e-03
1.065664799981096839e-02
9.971408993171239007e-03
3.804257933413671567e-03
6.238037853547884377e-03
2.481037782661090190e-03
2.221119538763261566e-03
4.253207627419011878e-03
3.567968620779282066e-03
9.782377543063727754e-03
1.788710096642328815e-02
1.776895631010609253e-02
1.063301906854752926e-02
5.132203870418940855e-02
8.010207698305805632e-03
5.694572434488788006e-03
1.127100021266038213e-02
4.347723352472767505e-03
2.646440301505162754e-03
6.214408922284445254e-03
1.798161669147704464e-02
1.387018265163866663e-02
4.584012665107157006e-03
3.142647858037380879e-03
1.819427707284799502e-03
9.191654261477753135e-03
2.693698164032041001e-03
5.789088159542543632e-03
6.261666784811322634e-03
3.071761064247063942e-03
2.102974882446066816e-03
6.474327166182273878e-03
8.813591361262730628e-03
8.553673117364902004e-03
1.205075494435386627e-02
