2.775079783543776824e-02
4.842514222283890446e-02
1.001803801859303400e-01
1.014291660885250496e-01
8.463993339808519381e-03
7.492715415568197528e-03
9.088386291105869652e-02
9.060635493270431662e-02
3.010961565144998006e-02
1.762175662550298158e-02
1.831552657138892787e-02
2.747328985708339180e-02
8.463993339808519381e-03
1.318162897183293956e-02
1.150270570278895538e-01
3.121964756486748926e-02
2.802830581379214814e-02
3.330095740252532466e-02
6.035798529207715007e-02
3.246843346746219189e-02
3.219092548910781199e-02
1.456916886360482867e-02
2.553073400860274636e-02
2.844456778132371452e-02
8.463993339808519381e-03
