1.863544830881599945e-02
3.198061367282159506e-02
2.215092665278678430e-02
3.689545718283900738e-02
3.880678521451243895e-02
1.522236253797057924e-02
1.826000887402300446e-02
2.918188334072835399e-02
5.846615925458206742e-02
4.163964640431414010e-02
5.590634492644799836e-02
2.624662957780128994e-02
7.344960578859346945e-02
7.734052356735725275e-02
6.474623707293764019e-02
4.901191166934024818e-02
3.713437318679818633e-02
7.925185159903068433e-02
2.655380729717737864e-02
6.491689136147991979e-02
2.843100447114236054e-02
2.054677634048943796e-02
2.324311409945731960e-02
2.389160039591795015e-02
3.809003720263490211e-02
