1.540000000000000049e-02
2.340000000000000066e-02
1.208000000000000046e-01
6.320000000000000617e-02
5.600000000000000117e-02
4.179999999999999688e-02
5.120000000000000245e-02
9.799999999999999684e-03
2.299999999999999961e-02
2.019999999999999921e-02
1.660000000000000017e-02
2.380000000000000171e-02
2.580000000000000002e-02
1.884000000000000119e-01
4.540000000000000285e-02
2.759999999999999953e-02
1.359999999999999924e-02
1.839999999999999969e-02
1.899999999999999953e-02
7.199999999999999803e-03
1.099999999999999936e-02
3.119999999999999857e-02
1.580000000000000154e-02
1.600000000000000033e-02
1.154000000000000026e-01
