2.265448938441465970e-02
1.826592337800972757e-02
7.033566599454393886e-02
2.194283003202467108e-02
2.253587949234966276e-02
2.040090143517969343e-02
4.032736330209939560e-03
1.897758273039971532e-03
1.636816510496975560e-02
8.184082552484877801e-03
6.404934171509903650e-03
1.411457715573478759e-02
3.321076977819950073e-03
1.458901672399478058e-02
1.755426402561973548e-02
2.514529711777962334e-02
1.660538488909975036e-03
1.186098920649982132e-02
5.574664927054916348e-03
5.218835250859922038e-03
3.558296761949946568e-03
5.337445142924919853e-03
1.850314316213972146e-02
1.150515953030482701e-02
4.744395682599929047e-03
5.456055034989918534e-03
1.684260467322974686e-02
1.316569801921480334e-02
7.946862768354880438e-03
3.463408848297948317e-02
4.625785790534930365e-03
2.739888506701458962e-02
1.648677499703475255e-02
3.558296761949946568e-03
1.494484640018977663e-02
5.456055034989918534e-03
2.087534100343968815e-02
2.538251690190962070e-02
1.103071996204483401e-02
7.235203415964891818e-03
3.131301150515952703e-02
1.672399478116474991e-02
8.777132012809867739e-03
6.049104495314909340e-03
1.874036294626971882e-02
3.914126438144940878e-03
2.253587949234966276e-03
5.811884711184912844e-03
5.218835250859922038e-03
5.491638002609417618e-02
4.269956114339936055e-03
3.558296761949946568e-03
7.591033092159886128e-03
5.930494603249910658e-03
9.726011149329853722e-03
2.728027517494959267e-03
2.941525323211955853e-02
4.507175898469932551e-03
1.375874747953979328e-02
5.337445142924919853e-03
4.981615466729925543e-03
4.175068200687937631e-02
6.049104495314909340e-03
2.170561024789467372e-02
5.218835250859922038e-03
2.111256078756968205e-02
3.676906654014944816e-03
2.728027517494959267e-03
2.431502787332463431e-02
2.763610485114458698e-02
2.846637409559957515e-03
4.863005574664926861e-03
3.083857193689953577e-03
1.245403866682481299e-02
6.286324279444905835e-03
