3.312468588659935043e-02
4.244528715675972147e-02
4.317631470736053162e-02
5.167450998309498778e-02
3.193676611687303046e-02
2.512907205190295732e-03
6.396491067757115916e-04
7.310275506008132940e-04
8.224059944259148880e-03
7.858546168958742070e-03
1.105679170283730035e-02
3.883583862566820401e-03
5.893909626719056986e-03
6.762004843057522509e-03
2.097135285786082964e-02
2.375839539452642962e-03
7.150363229314204983e-02
5.985288070544158255e-03
1.507744323114177439e-03
8.680952163384656958e-03
2.439804450130214283e-02
5.208571298030794869e-03
2.380408461643898285e-02
4.751679078905285923e-03
1.599122766939278925e-03
5.345638963768446772e-03
3.655137753004066362e-03
5.482706629506099976e-04
9.046465938685063768e-02
7.767167725133641452e-04
4.705989856992735289e-03
1.087403481518709782e-02
7.493032393658336128e-03
1.338694202037739311e-02
5.025814410380591464e-04
2.608854571206652498e-02
4.797368300817837425e-03
8.680952163384657392e-04
4.066340750217023806e-03
5.117192854205692733e-03
3.056608945949650449e-02
1.781879654589482330e-03
4.066340750217023806e-03
5.025814410380591464e-03
8.680952163384657392e-04
7.310275506008132940e-04
1.101110248092474972e-02
6.807694064970073143e-03
2.375839539452642962e-03
3.559190386987709509e-02
4.934435966555489328e-03
1.324987435463974034e-03
2.092566363594828074e-02
3.481518709736373257e-02
1.306711746698953694e-02
4.568922191255082518e-03
4.843057522730388059e-03
4.249097637867227210e-03
1.964636542239685604e-02
3.289623977703659552e-03
3.837894640654269766e-03
3.518070087266414025e-03
7.447343171745785494e-03
3.883583862566820401e-03
6.807694064970073143e-03
3.655137753004066362e-03
5.528395851418650177e-03
2.741353314753049771e-03
8.507333120116963854e-02
4.294786859779777845e-03
8.909398272947411865e-03
5.345638963768446772e-03
9.549047379723122481e-03
3.755654041211678451e-02
1.964636542239685518e-03
