7.492715415568197528e-03
2.247814624670459172e-02
9.005133897599555681e-02
9.046760094352712667e-02
4.995143610378798352e-03
1.665047870126266190e-03
7.215207437213820574e-02
7.534341612321354686e-02
3.746357707784098764e-03
4.995143610378798352e-03
4.995143610378798352e-03
1.248785902594699675e-02
1.803801859303455057e-03
3.468849729429721029e-03
4.828638823366171451e-02
5.272651588733175652e-03
8.186485361454141213e-03
1.512418482031358327e-02
2.886082974885528091e-02
1.567920077702233961e-02
7.770223393922575696e-03
3.468849729429721029e-03
8.186485361454141213e-03
9.851533231580408487e-03
2.081309837657832791e-03
9.157763285694463934e-03
2.913833772720965561e-03
2.497571805189399176e-03
2.775079783543776910e-03
4.273622866657416502e-02
2.775079783543776910e-03
6.937699458859442059e-03
6.798945469682252975e-03
5.827667545441931121e-03
8.880255307340085766e-03
4.162619675315665582e-03
7.353961426391008444e-03
8.325239350631331164e-03
4.856389621201609268e-03
4.440127653670042883e-03
3.635354516442347583e-02
1.665047870126266190e-03
4.995143610378798352e-03
1.887054252809768420e-02
3.746357707784098851e-02
2.025808241986956984e-02
2.122936034410989256e-02
6.382683502150686590e-03
5.827667545441931121e-03
1.942555848480643707e-02
6.660191480505064758e-03
5.133897599555987436e-03
6.798945469682252975e-03
1.040654918828916309e-02
1.248785902594699588e-03
2.594699597613431274e-02
2.220063826835021441e-03
2.358817816012210525e-03
5.966421534619120205e-03
2.317191619259053800e-02
8.047731372276952996e-03
5.966421534619120205e-03
6.937699458859442059e-03
8.602747328985707598e-03
4.440127653670042883e-03
1.942555848480643924e-03
4.440127653670042883e-03
5.272651588733175652e-03
2.081309837657832791e-03
3.607603718606910113e-03
2.636325794366587826e-03
5.688913556264742905e-03
1.248785902594699588e-03
5.550159567087553820e-03
1.803801859303455057e-03
