2.360336852093464569e-02
1.660538488909974950e-02
5.266279207685921337e-02
1.945202229865970744e-02
3.024552247657454757e-02
2.040090143517969343e-02
2.728027517494959267e-03
1.530067607638477094e-02
6.049104495314909340e-03
8.539912228679872111e-03
4.388566006404933870e-03
1.660538488909974950e-02
7.116593523899893137e-03
4.863005574664926861e-03
1.672399478116474991e-02
2.016368165104969780e-03
1.221681888269481736e-02
5.373028110544419284e-02
2.846637409559957515e-03
7.116593523899893137e-03
4.744395682599929047e-03
1.909619262246471313e-02
6.879373739769896641e-03
5.693274819119915030e-03
9.726011149329853722e-03
5.100225358794923357e-03
1.435179693986478495e-02
2.028229154311469648e-02
3.249911042580951037e-02
1.008184082552484803e-02
9.251571581069860731e-03
1.114932985410983270e-02
1.624955521290475519e-02
8.895741904874866421e-03
2.846637409559957515e-03
8.895741904874866421e-03
1.470762661605977926e-02
2.384058830506464305e-02
2.965247301624955329e-03
6.760763847704898827e-03
2.728027517494959267e-03
1.696121456529474728e-02
6.286324279444905835e-03
3.083857193689953577e-02
7.247064405171391166e-02
5.693274819119915030e-03
8.539912228679872111e-03
1.387735737160479196e-02
3.558296761949946568e-03
2.490807733364962771e-03
6.167714387379907154e-03
5.930494603249910658e-03
3.487130826710947706e-02
2.965247301624955329e-03
2.846637409559957515e-03
4.744395682599929047e-03
9.014351796939865102e-03
2.894081366385956727e-02
3.202467085754951825e-03
3.202467085754952258e-02
2.016368165104969780e-03
1.292847823508480598e-02
4.032736330209939560e-03
9.963230933459851085e-03
9.726011149329853722e-03
3.083857193689953577e-03
6.879373739769896641e-03
2.965247301624955329e-03
2.040090143517969343e-02
1.814731348594472715e-02
4.032736330209939560e-03
2.265448938441465970e-02
1.399596726366979065e-02
5.930494603249910658e-03
1.186098920649982132e-02
