3.952073270183802806e-03
2.070133617715325114e-03
3.262028730945360812e-03
7.000815507182736597e-02
3.544319678815632813e-02
3.763879304936954950e-03
1.009974280158082958e-02
6.963176714133366765e-03
2.634715513455868682e-03
7.653221253371808759e-03
3.550592810990527842e-02
3.450222696192208668e-03
1.505551721974781980e-02
1.135436923655981471e-02
4.767580452920142792e-03
4.704849131171193362e-03
3.475315224891788179e-02
4.836584906843987425e-02
2.321058904711122400e-03
3.199297409196411816e-03
1.944670974217426688e-03
4.955774418166991081e-03
2.346151433410701911e-02
1.411454739351358095e-02
7.214102001129163617e-03
4.704849131171193362e-03
1.819208330719528088e-02
3.763879304936954950e-03
1.354996549777303869e-02
8.845116366601844457e-03
7.590489931622859329e-03
2.760178156953767108e-03
5.081237061664889074e-03
6.047299416598708038e-02
4.328461200677498517e-03
3.450222696192208668e-03
2.948372122200614964e-03
2.791543817828241736e-02
2.571984191706919252e-03
3.262028730945360812e-03
5.056144532965309302e-02
1.367542814127093581e-02
3.575685339690107094e-03
7.715952575120758189e-03
3.475315224891788179e-02
3.387491374443259672e-03
5.332162348660685926e-03
6.963176714133366765e-03
4.077535913681701665e-03
4.202998557179599658e-03
4.265729878928549088e-03
2.321058904711122400e-03
4.140267235430650228e-03
6.649520105388620483e-03
1.536917382849256608e-02
2.051314221190640372e-02
4.642117809422244799e-03
1.097798130606611813e-02
4.014804591932752235e-03
6.524057461890721624e-03
2.603349852581393967e-02
3.883068816259958866e-02
2.822909478702716191e-02
1.053886205382347473e-02
3.763879304936954950e-03
2.258327582962172970e-03
2.195596261213223974e-03
5.771281600903330894e-02
4.171632896305125376e-02
3.073834765698513390e-03
4.830311774669092222e-03
7.214102001129163617e-03
5.645818957405432208e-03
1.536917382849256608e-02
8.468728436108149613e-03
