1.552954025734666794e-02
2.430117068841939829e-02
4.146899211577186745e-02
6.232294617563739064e-02
3.344824055428512882e-02
1.843066316256527365e-02
1.457387624150994869e-02
4.471142359807502020e-02
4.020615038055906643e-02
5.044540769309532879e-02
5.576982149561418578e-02
7.054848288337485507e-02
7.317655892692583042e-02
1.020512645482780922e-01
5.484828833748592314e-02
4.146899211577186745e-02
3.402846513532885309e-02
7.256220348817365995e-02
2.430117068841939829e-02
1.996655175944571370e-02
2.597358271613365785e-02
1.546127854192975819e-02
1.174101505170824927e-02
2.491552612717157569e-02
2.774838731697327684e-02
