7.324968691666076254e-03
1.387018265163866663e-02
4.179957940502351116e-02
4.959712672195836641e-02
2.544835897072375563e-02
5.172373053566787365e-02
2.339264195080456576e-02
1.594952860282129389e-02
4.529666123201247369e-02
1.100399328938352073e-01
7.324968691666076254e-03
2.698423950284728479e-02
7.759741026913352657e-02
4.049998818553436630e-02
5.514992556886651881e-02
6.564117104983341333e-02
1.008246497010940185e-01
2.507029607050872966e-02
3.499444720115309215e-02
2.738593133432574989e-02
2.842560430991706091e-02
4.576923985728125616e-02
3.941305734741617356e-02
1.854871104179958013e-02
2.192764821247135051e-02
