8.607849408324576290e-02
6.597523644172340052e-02
6.391922145565860636e-02
2.924110202403253176e-03
5.213140220222049759e-02
4.664869557271439371e-02
3.974962306391922537e-03
3.106867090053456581e-03
1.754466121441951992e-02
2.033170375108511729e-02
7.858546168958742070e-03
8.132681500434047611e-03
8.452506053821903786e-03
8.498195275734454421e-03
1.827568876502033181e-03
1.781879654589482330e-03
7.876821857723763365e-02
9.229222826335268040e-03
1.187919769726321481e-03
1.119385936857495399e-02
5.071503632293142272e-02
4.477543747429981250e-03
1.612829533513044158e-02
4.824781833965367805e-02
9.411979713985470578e-03
2.942385891168273343e-02
1.096541325901219995e-03
8.909398272947411865e-03
1.005162882076118293e-03
1.187919769726321481e-03
2.202220496184949944e-02
1.005162882076118293e-03
7.675789281308539533e-03
3.070315712523415813e-02
7.447343171745785494e-03
8.571298030794535783e-02
6.853383286882624428e-04
6.487869511582217835e-03
5.254260519943345503e-03
1.411796957097820673e-02
7.310275506008132029e-02
1.356969890802759565e-02
7.218897062183031454e-03
5.893909626719056986e-03
8.132681500434047611e-03
5.802531182893955718e-03
1.233608991638872332e-02
1.096541325901219908e-02
7.767167725133640802e-03
3.929273084479371035e-03
