4.162619675315665582e-03
3.787983904537255142e-02
8.380740946302206451e-02
8.810878312751491137e-02
4.717635632024421051e-03
1.526293880949077322e-03
7.950603579852920377e-02
6.535312890245593975e-02
3.746357707784098764e-03
1.665047870126266190e-03
4.301373664492853799e-03
4.162619675315665582e-03
1.387539891771888455e-03
3.885111696961287848e-03
3.330095740252532379e-03
8.047731372276952996e-03
3.607603718606910113e-03
7.492715415568197528e-03
1.387539891771888412e-02
1.096156514499791942e-02
1.332038296101012952e-02
3.607603718606910113e-03
2.247814624670459172e-02
4.995143610378798352e-03
5.688913556264742905e-03
1.942555848480643924e-03
1.401415290689607407e-02
3.607603718606910113e-03
1.803801859303455057e-03
1.387539891771888455e-03
2.913833772720965561e-03
2.775079783543776824e-02
3.052587761898154645e-03
2.636325794366587826e-03
8.325239350631331164e-03
5.133897599555987436e-03
2.775079783543776910e-03
7.908977383099764780e-03
8.325239350631331164e-03
1.054530317746635130e-02
1.387539891771888455e-03
8.325239350631331164e-03
4.162619675315665582e-03
9.851533231580408487e-03
8.463993339808519381e-03
1.276536700430137318e-02
1.234910503676980680e-02
5.133897599555987436e-03
1.498543083113639506e-02
1.387539891771888455e-03
5.272651588733175652e-03
6.521437491327875674e-03
5.133897599555987436e-03
2.122936034410989256e-02
3.746357707784098764e-03
2.192313028999583885e-02
1.942555848480643707e-02
6.382683502150686590e-03
2.081309837657832791e-03
4.162619675315665582e-03
3.746357707784098764e-03
1.012904120993478492e-02
6.382683502150686590e-03
4.301373664492853799e-03
4.578881642847231967e-03
1.387539891771888455e-03
6.382683502150686590e-03
1.526293880949077322e-03
4.856389621201609268e-03
4.162619675315665582e-03
6.521437491327875674e-03
8.741501318162897549e-03
2.913833772720965561e-03
2.775079783543776910e-03
4.301373664492853799e-03
2.220063826835021441e-03
1.665047870126266190e-03
2.608574996531150270e-02
7.076453448036631143e-03
1.387539891771888455e-03
2.275565422505897162e-02
5.688913556264742905e-03
4.578881642847231967e-03
1.387539891771888455e-03
2.497571805189399176e-03
2.636325794366587826e-03
1.526293880949077322e-03
1.831552657138892787e-02
6.105175523796309289e-03
9.712779242403219620e-04
2.913833772720965561e-03
1.526293880949077322e-03
6.521437491327875674e-03
1.110031913417510721e-03
1.096156514499791942e-02
1.151658110170667403e-02
2.636325794366587826e-03
4.856389621201609268e-03
2.636325794366587826e-03
1.928680449562925059e-02
