1.799999999999999951e-03
1.700000000000000122e-02
2.100000000000000130e-02
3.579999999999999849e-02
2.560000000000000123e-02
2.120000000000000009e-02
2.999999999999999889e-02
4.199999999999999740e-03
2.799999999999999972e-03
3.799999999999999992e-03
6.199999999999999782e-03
7.400000000000000328e-03
2.200000000000000133e-03
6.400000000000000307e-03
1.799999999999999951e-03
2.000000000000000042e-03
4.959999999999999826e-02
2.799999999999999972e-03
4.400000000000000265e-03
6.599999999999999964e-03
2.200000000000000133e-03
3.599999999999999901e-03
6.599999999999999964e-03
8.800000000000000530e-03
1.000000000000000021e-03
2.380000000000000171e-02
4.799999999999999580e-03
3.399999999999999811e-03
7.400000000000000328e-03
5.079999999999999793e-02
3.599999999999999901e-03
5.400000000000000286e-03
1.260000000000000009e-02
6.199999999999999782e-03
8.000000000000000167e-03
1.039999999999999952e-02
5.199999999999999761e-03
1.559999999999999928e-02
1.399999999999999986e-03
5.000000000000000104e-03
2.200000000000000133e-03
4.599999999999999922e-03
2.399999999999999790e-03
1.439999999999999961e-02
2.799999999999999972e-03
2.399999999999999790e-03
3.020000000000000115e-02
8.600000000000000006e-03
1.600000000000000077e-03
4.400000000000000265e-03
4.199999999999999740e-03
3.000000000000000062e-03
1.519999999999999997e-02
2.840000000000000163e-02
2.599999999999999881e-03
1.880000000000000074e-02
3.200000000000000153e-03
2.399999999999999790e-03
3.080000000000000099e-02
5.199999999999999761e-03
5.439999999999999697e-02
3.000000000000000062e-03
4.000000000000000083e-03
1.940000000000000058e-02
1.640000000000000138e-02
2.000000000000000042e-03
2.000000000000000042e-03
5.000000000000000104e-03
6.599999999999999964e-03
2.599999999999999881e-03
5.400000000000000286e-03
1.399999999999999986e-03
3.399999999999999811e-03
3.599999999999999901e-03
3.599999999999999901e-03
1.700000000000000122e-02
5.360000000000000181e-02
4.000000000000000083e-03
4.599999999999999922e-03
6.199999999999999782e-03
1.179999999999999973e-02
1.199999999999999895e-03
2.399999999999999790e-03
2.200000000000000133e-03
2.680000000000000090e-02
1.799999999999999951e-03
2.799999999999999972e-03
6.599999999999999964e-03
3.799999999999999992e-03
5.000000000000000104e-03
2.399999999999999790e-03
4.199999999999999740e-03
1.020000000000000073e-02
3.000000000000000062e-03
2.599999999999999881e-03
2.000000000000000042e-03
4.220000000000000140e-02
7.799999999999999642e-03
1.480000000000000066e-02
2.399999999999999790e-03
