3.238050053374451343e-02
1.565650575257976351e-02
7.164037480725891915e-02
1.897758273039971619e-02
2.123117067963468246e-02
1.791009370181472979e-02
1.897758273039971532e-03
4.863005574664926861e-03
1.648677499703475255e-02
1.162376942236982569e-02
3.439686869884948320e-03
1.304708812714980466e-02
6.167714387379907154e-03
1.672399478116474991e-02
2.123117067963468246e-02
4.269956114339936055e-03
2.490807733364962771e-03
1.233542877475981431e-02
2.490807733364962771e-03
1.648677499703475255e-02
1.779148380974973284e-03
1.648677499703475255e-02
6.642153955639900145e-03
9.726011149329853722e-03
6.167714387379907154e-03
1.506345629225477357e-02
4.981615466729925543e-03
9.132961689004863784e-03
1.126793974617483138e-02
1.055628039378484102e-02
5.930494603249910658e-03
7.353813308029889632e-03
2.146839046376467636e-02
3.949709405764440656e-02
1.791009370181472979e-02
3.036413236863954451e-02
6.167714387379907154e-03
2.016368165104969780e-03
2.502668722571462293e-02
7.116593523899893137e-03
9.607401257264855041e-03
2.834776420353457560e-02
6.286324279444905835e-03
1.897758273039971532e-03
1.055628039378484102e-02
6.642153955639900145e-03
2.455224765745463167e-02
1.067489028584983971e-02
3.083857193689953577e-03
5.100225358794923357e-03
4.673229747360929665e-02
3.060135215276954188e-02
5.456055034989918534e-03
1.779148380974973284e-03
4.863005574664926861e-03
9.607401257264855041e-03
4.863005574664926861e-03
2.490807733364962771e-03
5.930494603249910658e-03
1.447040683192978364e-02
2.585695647016961196e-02
1.079350017791483839e-02
4.032736330209939560e-03
2.526390700984462029e-02
4.269956114339936055e-03
6.049104495314909340e-03
3.107579172102953313e-02
1.269125845095481035e-02
4.151346222274937374e-03
4.863005574664926861e-03
3.273633020993951120e-02
3.914126438144940878e-03
1.079350017791483839e-02
2.123117067963468246e-02
2.728027517494959267e-03
