6.521437491327875674e-03
2.247814624670459172e-02
9.019009296517274676e-02
9.407520466213403765e-02
5.550159567087553820e-03
1.803801859303455057e-03
7.326210628555571147e-02
7.520466213403635691e-02
7.492715415568197528e-03
3.052587761898154645e-03
1.137782711252948581e-02
3.607603718606910113e-03
1.803801859303455057e-03
1.803801859303455057e-03
3.704731511030941865e-02
1.040654918828916309e-02
8.325239350631331164e-03
3.885111696961287848e-03
1.304287498265575135e-02
2.775079783543776824e-02
7.353961426391008444e-03
1.276536700430137318e-02
7.770223393922575696e-03
7.770223393922575696e-03
9.296517274871652151e-03
3.052587761898154645e-03
1.290412099347856313e-02
2.775079783543776910e-03
4.856389621201609268e-03
4.717635632024421051e-03
2.775079783543776910e-03
3.607603718606910113e-03
2.913833772720965561e-03
4.093242680727070953e-02
6.243929512973498373e-03
7.492715415568197528e-03
9.019009296517275717e-03
4.162619675315665582e-03
1.859303454974330430e-02
7.492715415568197528e-03
2.317191619259053800e-02
1.248785902594699588e-03
1.470792285278201689e-02
2.497571805189399176e-03
2.025808241986956984e-02
7.908977383099764780e-03
2.608574996531150270e-02
1.387539891771888455e-03
2.233939225752740523e-02
4.578881642847231967e-03
8.741501318162897549e-03
3.052587761898154645e-03
2.414319411683085725e-02
5.272651588733175652e-03
6.105175523796309289e-03
8.047731372276952996e-03
3.302344942417094475e-02
7.770223393922575696e-03
9.157763285694463934e-03
1.942555848480643924e-03
1.110031913417510764e-02
6.521437491327875674e-03
9.296517274871652151e-03
2.775079783543776910e-03
7.908977383099764780e-03
4.162619675315665582e-03
4.717635632024421051e-03
1.179408908006105219e-02
4.023865686138476498e-03
4.856389621201609268e-03
1.942555848480643924e-03
6.798945469682252975e-03
1.165533509088386224e-02
4.301373664492853799e-03
1.526293880949077322e-03
