2.502668722571462293e-02
8.539912228679872111e-03
6.974261653421895413e-02
6.997983631834895323e-03
2.206143992408966803e-02
9.844621041394852404e-03
2.728027517494959267e-03
1.020045071758984671e-02
1.779148380974973284e-03
4.625785790534930365e-03
2.846637409559957515e-03
1.731704424148974159e-02
8.658522120744870793e-03
1.423318704779978627e-02
3.676906654014944816e-03
1.933341240659471050e-02
2.016368165104969780e-03
1.091211006997983707e-02
3.439686869884948320e-03
1.304708812714980510e-03
1.257264855888981167e-02
1.874036294626971882e-02
1.304708812714980510e-03
3.321076977819950073e-03
4.507175898469932551e-03
1.221681888269481736e-02
1.779148380974973284e-03
2.134978057169968028e-03
7.235203415964891818e-03
1.150515953030482701e-02
2.846637409559957515e-03
1.447040683192978364e-02
3.202467085754951825e-03
6.404934171509903650e-03
2.811054441940457824e-02
3.914126438144940878e-03
9.014351796939865102e-03
1.684260467322974686e-02
2.609417625429961019e-03
1.530067607638477094e-02
2.728027517494959267e-03
4.032736330209939560e-03
1.340291780334479897e-02
2.289170916854465707e-02
2.965247301624955329e-03
5.159530304827422698e-02
7.709642984224883942e-03
3.095718182896453619e-02
3.261772031787450732e-02
2.134978057169968028e-03
1.174237931443482437e-02
2.609417625429961019e-03
2.253587949234966276e-03
2.965247301624955329e-03
4.625785790534930365e-03
6.997983631834895323e-03
1.375874747953979328e-02
4.625785790534930365e-03
1.103071996204483401e-02
4.625785790534930365e-03
3.439686869884948320e-03
3.083857193689953577e-03
1.553789586051476657e-02
4.744395682599929047e-03
6.879373739769896641e-03
1.067489028584984014e-03
9.370181473134859412e-03
5.100225358794923357e-03
1.755426402561973548e-02
3.273633020993951120e-02
3.795516546079943064e-03
1.779148380974973284e-03
1.364013758747479460e-02
1.043767050171984408e-02
8.539912228679872111e-03
2.467085754951962862e-02
1.601233542877476129e-02
4.151346222274937374e-03
6.167714387379907154e-03
3.676906654014944816e-03
2.372197841299964523e-03
5.456055034989918534e-03
7.235203415964891818e-03
4.032736330209939560e-03
1.209820899062981868e-02
3.297354999406950510e-02
2.490807733364962771e-03
3.083857193689953577e-03
1.696121456529474728e-02
3.321076977819950073e-03
6.879373739769896641e-03
5.811884711184912844e-03
2.182422013995967414e-02
4.032736330209939560e-03
4.744395682599929047e-03
4.388566006404933870e-03
3.558296761949946568e-03
2.490807733364962771e-03
2.609417625429961019e-03
1.660538488909975036e-03
