8.009320601270160378e-02
6.725453465527482522e-02
6.597523644172340052e-02
4.555215424681317848e-02
3.061177868140905513e-03
5.158313153926988304e-02
1.644811988851829776e-03
6.122355736281811026e-03
1.215333302873852078e-02
2.147393429889888836e-02
6.213734180106913162e-03
7.264586284095582089e-03
6.853383286882624428e-04
9.046465938685063768e-03
9.183533604422717406e-03
7.218897062183031454e-03
7.776305569516150928e-02
1.279298213551423183e-03
2.617992415589162625e-02
3.801343263124228739e-02
5.263398364325855283e-02
7.538721615570886762e-03
6.168044958194361660e-03
1.005162882076118293e-03
1.142230547813770716e-02
1.155937314387535907e-02
3.047471101567140322e-02
1.475761867775391735e-02
9.868871933110978656e-03
1.279298213551423183e-03
7.630100059395988898e-03
4.203408415954676576e-03
1.078265637136199655e-02
5.985288070544158255e-03
3.746516196829168064e-03
3.070315712523415813e-02
8.489057431351944294e-02
1.603691689130534032e-02
4.112029972129574440e-03
1.297573902316443567e-02
3.198245533878557850e-03
7.835701558002466927e-02
2.604285649015397434e-03
1.288436057933933440e-02
1.187919769726321481e-03
1.279298213551423183e-03
6.396491067757115699e-03
1.941791931283410114e-02
3.472380865353862957e-03
5.665463517156302947e-03
