1.631014365472680666e-02
7.715952575120758189e-03
9.535160905840285583e-03
1.137946176525939379e-01
1.122890659306191585e-02
8.493820964807728691e-02
4.943228153817200848e-02
9.974280158082930725e-03
2.032494824665955629e-02
1.166802584530456099e-02
9.510068377140706852e-02
9.484975848441126733e-02
1.135436923655981471e-02
5.319616084310896387e-02
1.386362210651778497e-02
1.411454739351358095e-02
1.683708675741797944e-01
8.594191079606046738e-03
4.974593814691675303e-02
7.465027288124960470e-03
1.342450285427513983e-02
8.368358321309829484e-02
2.766451289128661964e-02
1.141710055830876328e-02
1.223260774104510326e-02
