2.894081366385956727e-02
1.885897283833471577e-02
1.909619262246471313e-02
2.941525323211955853e-02
2.550112679397461765e-02
2.609417625429960932e-02
2.016368165104969780e-03
6.049104495314909340e-03
1.636816510496975560e-02
6.879373739769896641e-03
7.472423200094888314e-03
1.731704424148974159e-02
2.206143992408966803e-02
5.373028110544419284e-02
4.744395682599929047e-03
6.404934171509903650e-03
1.233542877475981431e-02
1.779148380974973284e-03
1.245403866682481299e-02
1.648677499703475255e-02
3.439686869884948320e-03
3.558296761949946568e-03
1.684260467322974686e-02
4.863005574664926861e-03
4.744395682599929047e-03
3.558296761949946568e-03
1.897758273039971619e-02
2.372197841299964523e-03
2.787332463527458087e-02
4.886727553077926944e-02
2.846637409559957515e-03
4.981615466729925543e-03
2.846637409559957515e-03
2.550112679397461765e-02
1.482623650812477795e-02
7.235203415964891818e-03
9.488791365199858094e-03
3.724350610840944376e-02
4.744395682599929047e-03
1.257264855888981167e-02
1.055628039378484102e-02
1.909619262246471313e-02
2.372197841299964523e-03
6.997983631834895323e-03
3.036413236863954451e-02
3.914126438144940878e-03
1.008184082552484803e-02
2.728027517494959267e-03
2.692444549875459489e-02
3.676906654014944816e-03
4.032736330209939560e-03
7.389396275649388890e-02
2.597556636223460891e-02
2.905942355592456422e-02
4.388566006404933870e-03
1.435179693986478495e-02
2.182422013995967414e-02
1.399596726366979065e-02
8.184082552484877801e-03
5.218835250859922038e-03
4.863005574664926861e-03
1.660538488909975036e-03
7.353813308029889632e-03
1.126793974617483138e-02
2.846637409559957515e-03
1.767287391768473589e-02
6.523544063574902331e-03
2.846637409559957515e-03
6.523544063574902331e-03
7.353813308029889632e-03
5.574664927054916348e-03
3.914126438144940878e-03
8.421302336614873429e-03
1.897758273039971532e-03
2.253587949234966276e-03
