3.189107689496047809e-02
2.942385891168273343e-02
2.544889660529081263e-02
2.284461095627541433e-02
2.741353314753049771e-03
1.676794444190615394e-02
8.680952163384657392e-04
3.655137753004066470e-04
1.028007493032393610e-02
8.635262941472106324e-03
2.512907205190295732e-03
2.147393429889888922e-03
2.695664092840499137e-03
5.025814410380591464e-04
1.411796957097820673e-02
5.254260519943345503e-03
6.391922145565860636e-02
6.396491067757115699e-03
1.005162882076118293e-03
2.819024992004386110e-02
4.294786859779777845e-03
2.069721752638552584e-02
7.767167725133641452e-04
2.193082651802439990e-03
2.787042536665600406e-03
4.112029972129574440e-03
4.340476081692328479e-03
6.305112623932014430e-03
3.974962306391922537e-03
2.604285649015397434e-03
8.178370722346598246e-03
5.939598848631607404e-04
3.335313199616210620e-03
7.630100059395988898e-03
6.752866998675012555e-02
8.361127609996802518e-03
8.680952163384657392e-04
1.964636542239685518e-03
3.349019966189975550e-02
2.558596427102846366e-03
8.543884497647005055e-03
3.655137753004066470e-04
4.020651528304473171e-03
6.670626399232421240e-03
1.644811988851829776e-03
2.019463608534746712e-02
3.609448531091515727e-03
4.568922191255082952e-04
1.096541325901219995e-03
4.249097637867227210e-03
4.696852012610225335e-02
1.096541325901219995e-03
5.482706629506099976e-04
2.969799424315803810e-03
6.030977292456709757e-03
4.112029972129574440e-04
4.386165303604879981e-03
4.431854525517430615e-03
2.586009960250377007e-02
7.675789281308539533e-03
1.046283181797414037e-02
1.690501210764380627e-03
2.293598940010051560e-02
1.859551331840818625e-02
1.832137798693288244e-02
7.264586284095582089e-03
7.767167725133641452e-04
3.289623977703659552e-03
1.279298213551423183e-03
2.430666605747704156e-02
1.370676657376524886e-03
3.198245533878557958e-04
4.249097637867227210e-03
8.224059944259148880e-04
2.056014986064787220e-03
1.918947320327134883e-03
2.101704207977338288e-03
7.968200301548863940e-02
2.741353314753049988e-04
2.453511216703979647e-02
3.655137753004066362e-03
2.796180381048110619e-02
2.056014986064787220e-03
4.203408415954676576e-03
4.980125188468039962e-03
7.264586284095582089e-03
1.206195458491341951e-02
3.609448531091515727e-03
8.224059944259148880e-03
8.543884497647005055e-03
7.036140174532828050e-03
2.229634029332480324e-02
7.767167725133640802e-03
2.535751816146571136e-02
4.431854525517430615e-03
1.233608991638872332e-03
3.381002421528761254e-03
3.152556311966007215e-03
4.112029972129574440e-04
2.284461095627541259e-03
