4.893043096418041651e-03
2.007402295966376118e-03
3.826610626685904380e-03
2.553164795182234423e-02
4.265729878928549088e-03
3.393764506618154181e-02
1.417727871526253125e-02
3.701147983188005954e-03
4.391192522426447947e-03
3.136566087447462386e-03
2.289693243836647685e-02
3.945800138008907776e-02
3.575685339690107094e-03
1.536917382849256608e-02
4.453923844175396510e-03
4.391192522426447947e-03
6.360956025343454667e-02
2.885640800451665534e-03
9.848817514585031865e-03
2.321058904711122400e-03
3.889341948434853376e-03
2.791543817828241736e-02
8.970579010099743317e-03
5.332162348660685926e-03
4.077535913681701665e-03
2.001129163791481175e-02
3.889341948434853376e-03
3.136566087447462386e-03
2.948372122200614964e-03
9.974280158082930725e-03
1.756477008970579049e-03
6.837714070635467906e-03
4.328461200677498517e-03
1.712565083746314665e-02
1.373815946301988611e-02
5.834012922652280497e-03
3.512954017941158098e-03
1.097798130606611813e-02
6.210400853145976209e-03
3.073834765698513390e-03
2.540618530832444710e-02
2.885640800451665534e-03
3.763879304936954950e-03
3.437676431842418695e-02
4.805219245969512276e-02
9.786086192836083303e-03
3.061288501348723504e-02
4.723668527695878278e-02
3.450222696192208668e-03
4.077535913681701665e-03
2.509252869957969822e-03
4.704849131171193362e-03
4.673483470296719428e-02
5.583087635656483645e-03
4.642117809422244799e-03
6.837714070635467906e-03
4.673483470296719428e-02
2.070133617715325114e-03
3.036195972649143732e-02
1.373815946301988611e-02
4.391192522426447947e-03
7.778683896869706751e-03
1.154256320180666213e-02
4.077535913681701665e-03
2.070133617715325114e-03
3.889341948434853376e-03
5.652092089580327411e-02
4.830311774669092222e-03
1.944670974217426688e-03
4.391192522426447947e-03
5.928109905275703861e-02
2.101499278589799916e-02
1.944670974217426688e-03
8.280534470861300456e-03
2.258327582962172970e-03
