4.023865686138476498e-03
2.233939225752740523e-02
8.783127514916053147e-02
8.908006105175524103e-02
4.995143610378798352e-03
1.665047870126266190e-03
7.825724989593450809e-02
7.256833633966976171e-02
3.191341751075343295e-03
2.081309837657832791e-03
1.665047870126266190e-03
9.712779242403218535e-03
2.497571805189399176e-03
2.636325794366587826e-03
6.243929512973498373e-03
6.382683502150686590e-03
2.691827390037463547e-02
4.023865686138476498e-03
1.512418482031358327e-02
1.234910503676980680e-02
3.746357707784098764e-03
6.382683502150686590e-03
1.248785902594699588e-03
6.937699458859442059e-03
9.712779242403219620e-04
1.803801859303455057e-03
2.899958373803246739e-02
1.526293880949077322e-02
2.636325794366587826e-03
2.358817816012210525e-03
4.162619675315665582e-03
1.526293880949077322e-03
7.908977383099764780e-03
2.220063826835021441e-03
1.248785902594699588e-03
3.330095740252532379e-03
9.296517274871652151e-03
3.052587761898154645e-03
9.435271264048842102e-03
4.856389621201609268e-03
2.913833772720965561e-03
3.885111696961287848e-03
2.830581379214652457e-02
1.526293880949077322e-03
2.497571805189399176e-03
3.052587761898154645e-03
3.746357707784098764e-03
3.191341751075343295e-03
9.296517274871652151e-03
3.607603718606910113e-03
1.956431247398362702e-02
5.411405577910364736e-03
3.330095740252532379e-03
2.664076592202025903e-02
4.856389621201609268e-03
4.856389621201609268e-03
2.913833772720965561e-03
1.526293880949077322e-03
1.970306646316081697e-02
2.566948799777993631e-02
1.248785902594699588e-03
3.607603718606910113e-03
3.330095740252532379e-03
2.081309837657832791e-03
7.492715415568197528e-03
3.191341751075343295e-03
4.301373664492853799e-03
6.105175523796309289e-03
2.247814624670459172e-02
4.856389621201609268e-03
1.373664492854169590e-02
3.885111696961287848e-03
1.665047870126266190e-03
7.631469404745386612e-03
1.082281115582072947e-02
7.492715415568197528e-03
2.775079783543776910e-03
6.105175523796309289e-03
2.497571805189399176e-03
2.775079783543776910e-03
6.660191480505064758e-03
2.747328985708339180e-02
2.636325794366587826e-03
5.966421534619120205e-03
6.937699458859442059e-03
6.521437491327875674e-03
4.856389621201609268e-03
2.775079783543776910e-03
6.243929512973498373e-03
5.133897599555987436e-03
9.712779242403219620e-04
2.233939225752740523e-02
3.468849729429721029e-03
5.688913556264742905e-03
1.942555848480643924e-03
1.526293880949077322e-02
4.162619675315665582e-03
1.526293880949077322e-03
2.220063826835021441e-03
1.665047870126266190e-03
