3.200000000000000153e-03
2.400000000000000050e-02
1.580000000000000154e-02
2.380000000000000171e-02
5.340000000000000302e-02
2.520000000000000018e-02
2.800000000000000058e-02
6.799999999999999621e-03
9.400000000000000369e-03
2.399999999999999790e-03
2.599999999999999881e-03
4.599999999999999922e-03
8.999999999999999320e-03
7.599999999999999985e-03
5.599999999999999943e-03
1.000000000000000021e-02
3.799999999999999992e-03
8.399999999999999481e-03
2.000000000000000042e-03
7.799999999999999989e-02
1.399999999999999986e-03
3.200000000000000153e-03
1.600000000000000077e-03
5.599999999999999943e-03
9.799999999999999684e-03
2.160000000000000114e-02
4.799999999999999580e-03
1.159999999999999920e-02
6.400000000000000307e-03
5.020000000000000157e-02
2.599999999999999881e-03
4.100000000000000172e-02
5.960000000000000020e-02
5.199999999999999761e-03
1.600000000000000033e-02
1.619999999999999912e-02
3.599999999999999901e-03
7.599999999999999985e-03
7.199999999999999803e-03
1.060000000000000005e-02
6.400000000000000307e-03
6.599999999999999964e-03
3.799999999999999992e-03
7.599999999999999985e-03
2.120000000000000009e-02
2.200000000000000133e-03
3.399999999999999811e-03
6.000000000000000125e-03
2.399999999999999790e-03
1.600000000000000077e-03
1.400000000000000029e-02
6.599999999999999964e-03
2.840000000000000163e-02
3.780000000000000027e-02
2.799999999999999972e-03
2.200000000000000133e-03
1.480000000000000066e-02
2.599999999999999881e-03
2.399999999999999790e-03
3.000000000000000062e-03
2.319999999999999840e-02
6.199999999999999782e-03
1.000000000000000021e-03
5.999999999999999778e-02
3.799999999999999992e-03
8.399999999999999481e-03
1.179999999999999973e-02
6.799999999999999621e-03
1.580000000000000154e-02
5.820000000000000173e-02
3.399999999999999811e-03
6.199999999999999782e-03
2.599999999999999881e-03
6.199999999999999782e-03
1.199999999999999895e-03
