5.313723164511920116e-02
3.143162139722453091e-02
3.570157751156446263e-02
1.203890404459731917e-01
3.582018740362945958e-02
5.645830862293915037e-02
1.209820899062981868e-02
2.977108290831455284e-02
2.455224765745463167e-02
2.787332463527458087e-02
5.301862175305420422e-02
5.823745700391412539e-02
5.088364369588423836e-02
1.364013758747479460e-02
1.564464476337326659e-01
3.783655556873443543e-02
1.079350017791483839e-02
2.870359387972956991e-02
4.376705017198434522e-02
1.328430791127980029e-02
4.815561617838928082e-02
1.470762661605977926e-02
8.895741904874866421e-03
1.945202229865970744e-02
1.494484640018977663e-02
