3.084022479097180830e-02
2.663681637501713259e-02
2.745922236944304748e-02
2.508338282999040408e-02
2.741353314753049771e-03
2.380408461643898285e-02
4.112029972129574440e-04
7.310275506008132940e-04
8.772330607209759962e-03
6.442180289669667201e-03
3.609448531091515727e-03
2.512907205190295732e-03
3.655137753004066470e-04
2.010325764152236586e-03
1.516882167496687479e-02
6.314250468314525078e-02
4.843057522730388059e-03
3.655137753004066470e-04
7.401653949833233992e-03
1.886964864988349352e-02
1.717914743911911138e-02
6.030977292456709757e-03
2.558596427102846366e-03
7.767167725133641452e-04
6.305112623932014430e-03
1.416365879289075737e-03
2.969799424315803810e-03
3.518070087266414025e-03
4.386165303604879981e-03
2.924110202403253176e-03
1.448348334627861354e-02
8.036734134417690412e-02
4.066340750217023806e-03
8.680952163384657392e-04
6.396491067757115916e-04
2.713939781605519130e-02
1.644811988851829776e-03
1.918947320327134883e-03
3.198245533878557958e-04
8.680952163384657392e-04
7.858546168958742070e-03
4.431854525517430615e-03
1.037145337414903910e-02
2.101704207977338288e-03
4.614611413167634020e-03
1.781879654589482330e-03
2.421528761365194030e-03
3.655137753004066362e-03
9.594736601635674850e-03
1.050852103988669144e-03
2.380408461643898285e-02
5.254260519943345503e-03
5.254260519943345503e-03
2.366701695070132921e-02
4.523232969342531884e-03
1.562571389409238287e-02
6.899072508795175279e-03
3.486087631927628494e-02
2.453511216703979647e-02
4.614611413167634020e-03
1.005162882076118293e-03
1.544295700644218033e-02
2.791611458856855729e-02
1.708776899529401011e-02
2.467217983277744664e-03
2.695664092840499137e-03
4.112029972129574440e-04
5.482706629506099976e-04
6.350801845844565065e-03
8.224059944259148880e-04
8.278887010554210335e-02
6.853383286882624428e-04
2.924110202403253176e-03
4.294786859779777845e-03
2.284461095627541476e-04
5.619774295243752313e-03
2.832731758578151474e-03
5.482706629506099976e-04
8.680952163384657392e-04
2.467217983277744664e-03
5.345638963768446772e-03
2.736784392561794621e-02
7.767167725133640802e-03
3.198245533878557850e-03
1.096541325901219995e-03
1.133092703431260589e-02
5.025814410380591464e-03
2.878420980490702108e-03
6.944761730707725914e-03
1.425503723671585864e-02
3.198245533878557958e-04
5.437017407593548908e-03
2.033170375108511729e-02
3.563759309178964659e-03
4.934435966555489328e-03
2.617992415589162625e-02
1.740759354868186629e-02
5.162882076118243367e-03
1.964636542239685518e-03
2.969799424315803810e-03
