3.599999999999999901e-03
1.700000000000000122e-02
4.399999999999999745e-02
1.542000000000000037e-01
4.019999999999999962e-02
3.740000000000000269e-02
3.119999999999999857e-02
8.200000000000000691e-03
4.799999999999999580e-03
6.599999999999999964e-03
8.999999999999999320e-03
1.119999999999999989e-02
4.199999999999999740e-03
8.399999999999999481e-03
9.400000000000000369e-03
3.599999999999999901e-03
8.719999999999999973e-02
9.599999999999999159e-03
8.600000000000000006e-03
1.140000000000000041e-02
5.000000000000000104e-03
7.799999999999999642e-03
1.099999999999999936e-02
2.659999999999999865e-02
4.000000000000000083e-03
5.639999999999999875e-02
2.359999999999999945e-02
7.599999999999999985e-03
8.800000000000000530e-03
6.940000000000000335e-02
6.000000000000000125e-03
1.220000000000000077e-02
3.080000000000000099e-02
2.340000000000000066e-02
1.299999999999999940e-02
2.520000000000000018e-02
9.799999999999999684e-03
1.559999999999999928e-02
2.599999999999999881e-03
5.599999999999999943e-03
3.000000000000000062e-03
5.599999999999999943e-03
5.599999999999999943e-03
2.699999999999999969e-02
4.599999999999999922e-03
5.000000000000000104e-03
5.500000000000000028e-02
1.140000000000000041e-02
2.399999999999999790e-03
6.199999999999999782e-03
