3.234796911408598791e-02
2.517476127381550535e-02
2.654543793119203132e-02
2.969799424315803810e-03
2.773335770091835475e-02
2.024032530726001602e-02
5.025814410380591464e-04
5.482706629506099976e-04
7.355964727920683358e-03
1.462055101201626588e-03
1.160506236578791144e-02
1.781879654589482330e-03
2.101704207977338288e-03
4.660300635080184654e-03
1.535157856261707907e-02
1.964636542239685518e-03
6.236578791063188132e-02
6.762004843057522509e-03
1.142230547813770630e-03
2.403253072600173776e-02
6.670626399232421240e-03
7.493032393658336128e-03
1.996618997578471222e-02
3.015488646228354878e-03
3.700826974916616996e-03
1.918947320327134883e-03
4.660300635080184654e-03
3.700826974916616996e-03
5.939598848631607404e-04
1.736190432676931478e-03
6.213734180106913162e-03
1.640243066660574886e-02
1.050852103988669144e-03
4.568922191255082952e-04
5.025814410380591464e-04
3.198245533878557850e-03
6.643212866084891033e-02
2.375839539452642962e-03
2.942385891168273343e-02
3.792205418741718698e-03
9.229222826335268040e-03
1.096541325901219908e-02
5.391328185680998274e-03
6.396491067757115916e-04
6.396491067757115916e-04
4.888746744642938694e-03
2.284461095627541259e-03
3.381002421528761254e-03
2.421528761365194030e-03
1.964636542239685518e-03
2.193082651802439817e-02
4.614611413167634020e-03
2.540320738337826026e-02
5.756841960981404216e-03
6.396491067757115699e-03
2.193082651802439990e-03
4.294786859779777845e-03
3.335313199616210620e-03
3.198245533878558283e-02
2.540320738337826026e-02
1.005162882076118293e-03
8.178370722346598246e-03
6.213734180106913162e-03
2.654543793119203132e-02
3.198245533878557958e-04
3.289623977703659552e-03
4.112029972129574440e-03
4.203408415954676576e-03
3.929273084479371035e-03
2.599716726824142024e-02
5.482706629506099976e-04
3.837894640654269766e-03
1.370676657376524994e-04
9.731804267373326753e-03
2.741353314753049858e-02
3.317037510851190280e-02
1.736190432676931478e-03
1.690501210764380627e-03
6.305112623932014430e-03
8.237766710832913897e-02
4.066340750217023806e-03
8.680952163384657392e-04
1.781879654589482330e-03
1.804724265545757864e-02
4.112029972129574440e-04
2.467217983277744664e-03
3.655137753004066470e-04
2.490062594234020155e-02
7.767167725133640802e-03
1.937223009092155224e-02
3.198245533878557958e-04
2.741353314753049771e-03
3.929273084479371035e-03
2.787042536665600406e-03
3.518070087266414025e-03
2.741353314753049988e-04
2.741353314753049988e-04
2.969799424315803810e-03
1.146799470005025780e-02
7.858546168958742070e-03
