1.627906976744186163e-01
6.620368255128615542e-02
6.565541188833554087e-02
7.246310595330561488e-02
7.433636405172019956e-02
5.802531182893955718e-03
2.056014986064787220e-03
2.924110202403253176e-03
2.672819481884223386e-02
2.878420980490702108e-02
2.202220496184949944e-02
8.772330607209759962e-03
2.005756841960981349e-02
1.626536300086809522e-02
3.029195412802120069e-02
1.805638049984008842e-01
2.919541280211997852e-02
1.507744323114177352e-02
3.070315712523415813e-02
6.533558733494768470e-03
5.267967286517110520e-02
1.114817014666240162e-02
4.395303147987390108e-02
1.050852103988669101e-02
1.448348334627861354e-02
