2.158700035582967677e-02
8.065472660419879120e-03
6.997983631834895323e-03
1.613094532083975824e-02
1.885897283833471577e-02
1.565650575257976351e-02
1.897758273039971532e-03
8.065472660419879120e-03
3.795516546079943064e-03
6.286324279444905835e-03
1.245403866682481299e-02
7.116593523899893137e-03
5.100225358794923357e-03
4.032736330209939560e-03
3.487130826710947706e-02
1.530067607638477094e-02
2.134978057169968028e-03
4.269956114339936055e-03
1.174237931443482437e-02
3.558296761949946568e-03
1.269125845095481035e-02
4.269956114339936055e-03
2.134978057169968028e-03
3.202467085754951825e-03
4.744395682599929047e-03
8.895741904874866421e-03
1.660538488909974950e-02
4.151346222274937374e-03
2.728027517494959267e-03
1.162376942236982569e-02
6.523544063574902331e-03
2.253587949234966276e-03
7.591033092159886128e-03
1.518206618431977226e-02
2.490807733364962771e-03
1.209820899062981868e-02
3.558296761949946568e-03
3.083857193689953577e-03
1.126793974617483138e-02
1.541928596844976788e-03
1.755426402561973548e-02
1.601233542877476129e-02
4.151346222274937374e-03
2.372197841299964523e-03
2.134978057169967941e-02
1.043767050171984408e-02
1.565650575257976351e-02
4.269956114339936055e-03
3.439686869884948320e-03
8.302692444549874748e-03
3.795516546079943064e-03
3.083857193689953577e-03
1.126793974617483138e-02
8.658522120744870793e-03
6.879373739769896641e-03
2.324753884473965138e-02
2.372197841299964523e-03
7.591033092159886128e-03
8.421302336614873429e-03
3.332937967026450288e-02
5.930494603249910658e-03
3.795516546079943064e-03
3.676906654014944816e-03
1.304708812714980466e-02
3.914126438144940878e-03
2.051951132724469384e-02
1.304708812714980510e-03
6.523544063574902331e-03
1.352152769540979765e-02
5.218835250859922038e-03
4.151346222274937374e-03
1.767287391768473589e-02
3.309215988613450204e-02
7.591033092159886128e-03
2.016368165104969780e-03
4.151346222274937374e-03
3.795516546079943064e-03
4.744395682599929047e-03
6.286324279444905835e-03
3.914126438144940878e-03
1.553789586051476657e-02
9.844621041394852404e-03
4.744395682599929047e-03
6.369351203890404045e-02
2.016368165104969780e-03
1.541928596844976788e-02
6.642153955639900145e-03
1.660538488909975036e-03
8.302692444549874748e-03
1.067489028584984014e-03
6.879373739769896641e-03
3.000830269244455020e-02
2.134978057169968028e-03
2.194283003202467108e-02
2.016368165104969606e-02
2.739888506701458962e-02
1.352152769540979765e-02
2.965247301624955329e-03
2.289170916854465707e-02
1.541928596844976788e-03
