1.119999999999999989e-02
2.380000000000000171e-02
1.032000000000000001e-01
2.419999999999999929e-02
3.559999999999999970e-02
3.139999999999999736e-02
2.580000000000000002e-02
7.199999999999999803e-03
1.460000000000000013e-02
8.999999999999999320e-03
4.400000000000000265e-03
1.060000000000000005e-02
8.200000000000000691e-03
1.260000000000000009e-02
7.220000000000000029e-02
1.239999999999999956e-02
3.599999999999999901e-03
3.399999999999999811e-03
1.600000000000000033e-02
1.119999999999999989e-02
8.200000000000000691e-03
1.060000000000000005e-02
7.599999999999999985e-03
6.000000000000000125e-03
6.779999999999999916e-02
5.799999999999999600e-03
1.779999999999999985e-02
5.199999999999999761e-03
1.899999999999999953e-02
6.400000000000000307e-03
9.599999999999999159e-03
2.100000000000000130e-02
1.099999999999999936e-02
1.060000000000000005e-02
2.639999999999999986e-02
2.599999999999999881e-03
8.640000000000000457e-02
3.699999999999999817e-02
2.920000000000000026e-02
6.000000000000000125e-03
6.799999999999999621e-03
5.000000000000000104e-03
6.400000000000000307e-03
2.860000000000000042e-02
7.560000000000000053e-02
5.199999999999999761e-03
8.600000000000000006e-03
2.060000000000000026e-02
2.599999999999999881e-03
5.799999999999999600e-03
