2.500000000000000139e-02
2.380000000000000171e-02
2.059999999999999887e-01
6.740000000000000158e-02
4.700000000000000011e-02
5.140000000000000124e-02
5.340000000000000302e-02
1.600000000000000033e-02
1.739999999999999880e-02
2.479999999999999913e-02
8.000000000000000167e-03
2.040000000000000147e-02
2.419999999999999929e-02
3.139999999999999736e-02
1.257999999999999952e-01
4.420000000000000318e-02
6.000000000000000125e-03
6.400000000000000307e-03
1.600000000000000033e-02
1.959999999999999937e-02
1.619999999999999912e-02
3.239999999999999825e-02
1.260000000000000009e-02
1.379999999999999977e-02
9.080000000000000571e-02
