4.560383733843717882e-03
7.395855485456392757e-03
2.785850995959452889e-02
3.596323338295408928e-02
6.757874341343540758e-03
3.116656033647598190e-02
2.835471751612674441e-03
7.183195104085442380e-03
3.506533399494340952e-02
7.350960516055858596e-02
5.458283121854398505e-03
8.104723423359562126e-03
1.963564187991777288e-02
8.411899529784267263e-03
6.119893197230689627e-03
9.357056780321825265e-03
2.951253514803525366e-02
9.357056780321825265e-03
8.624559911155217640e-03
1.049124548096689626e-02
7.608515866827343134e-03
9.593346092956214766e-03
1.275962288225703477e-02
1.212164173814418364e-02
3.071761064247063942e-03
3.426195033198648626e-03
1.110559769381630826e-02
1.068027693107440751e-02
3.638855414569599003e-03
1.736726447862763090e-02
1.661113867819758588e-02
3.142647858037380879e-03
3.449823964462087316e-03
9.546088230429338253e-03
2.823657285980955139e-02
7.277710829139198700e-02
4.064176177311500625e-03
1.164906311287540464e-02
4.702157321424351756e-03
2.173861676236383753e-02
1.755629592873514389e-02
1.387018265163866663e-02
3.757000070886793754e-03
1.602041539661161126e-02
1.613856005292880688e-02
9.002622811370241881e-03
1.075116372486472488e-02
1.351574868268708152e-02
9.168025330214314012e-03
3.447461071335743144e-02
1.252333356962264527e-02
1.150728952529477163e-02
5.978119609650055753e-03
1.077479265612816400e-02
8.506415254838023757e-03
6.923276860187613756e-03
2.079345951182628126e-03
1.656388081567070764e-02
1.479171097091278551e-02
2.102974882446066816e-03
3.024503201720186302e-02
8.222868079676756009e-03
1.070390586233784663e-02
6.899647928924174632e-03
1.547694997755251489e-02
7.159566172822003256e-03
1.280688074478391301e-02
9.995037924434678131e-03
4.205949764892133631e-03
7.726660523144537884e-03
1.053850334349377450e-02
9.616975024219653889e-03
2.504666713924529314e-03
1.056213227475721189e-02
2.670069232768601877e-03
