2.502668722571462293e-02
1.672399478116474991e-02
7.270786383584390555e-02
1.945202229865970744e-02
2.811054441940457824e-02
3.155023128928952786e-02
4.269956114339936055e-03
1.020045071758984671e-02
1.660538488909975036e-03
7.116593523899893137e-03
5.218835250859922038e-03
1.221681888269481736e-02
1.079350017791483839e-02
1.862175305420472188e-02
1.838453327007472451e-02
4.863005574664926861e-03
1.423318704779978757e-03
1.423318704779978627e-02
4.151346222274937374e-03
5.811884711184912844e-03
2.004507175898469912e-02
4.863005574664926861e-03
1.897758273039971532e-03
3.356659945439449677e-02
2.087534100343968815e-02
7.591033092159886128e-03
3.570157751156446263e-02
1.541928596844976788e-02
4.032736330209939560e-03
2.051951132724469384e-02
6.049104495314909340e-03
3.071996204483453882e-02
4.863005574664926861e-03
5.456055034989918534e-03
4.625785790534930365e-03
3.795516546079943064e-03
2.016368165104969606e-02
2.395919819712964000e-02
4.673229747360929665e-02
5.930494603249910658e-03
2.882220377179456686e-02
1.423318704779978627e-02
3.676906654014944816e-03
3.439686869884948320e-03
7.116593523899893137e-03
1.364013758747479460e-02
5.539081959435417091e-02
3.914126438144940878e-03
2.680583560668959794e-02
2.716166528288459225e-02
1.269125845095481035e-02
4.151346222274937374e-03
5.574664927054916348e-03
3.558296761949946568e-03
5.574664927054916348e-03
1.067489028584983971e-02
2.407780808919464041e-02
1.174237931443482437e-02
2.490807733364962771e-03
1.553789586051476657e-02
3.558296761949946568e-03
2.134978057169968028e-03
2.134978057169968028e-03
5.930494603249910658e-03
5.100225358794923357e-03
1.648677499703475255e-02
4.269956114339936055e-03
6.286324279444905835e-03
8.065472660419879120e-03
5.693274819119915030e-03
4.625785790534930365e-03
4.507175898469932551e-03
5.811884711184912844e-03
1.435179693986478495e-02
1.423318704779978757e-03
