3.599999999999999901e-03
2.259999999999999856e-02
1.700000000000000122e-02
2.340000000000000066e-02
2.019999999999999921e-02
2.280000000000000082e-02
2.199999999999999872e-02
4.199999999999999740e-03
1.199999999999999895e-03
4.000000000000000083e-03
3.200000000000000153e-03
3.599999999999999901e-03
3.000000000000000062e-03
3.200000000000000153e-03
8.800000000000000530e-03
2.160000000000000114e-02
2.000000000000000042e-03
5.400000000000000286e-03
1.799999999999999951e-03
1.340000000000000045e-02
1.799999999999999951e-03
3.000000000000000062e-03
5.599999999999999943e-03
7.599999999999999985e-03
5.000000000000000104e-03
3.200000000000000153e-03
4.000000000000000083e-03
1.600000000000000077e-03
2.000000000000000042e-03
5.020000000000000157e-02
4.599999999999999922e-03
4.159999999999999809e-02
2.599999999999999881e-03
4.859999999999999737e-02
6.799999999999999621e-03
3.200000000000000067e-02
7.799999999999999642e-03
4.000000000000000083e-03
8.600000000000000006e-03
2.000000000000000042e-03
1.799999999999999864e-02
3.000000000000000062e-03
4.799999999999999580e-03
1.060000000000000005e-02
1.480000000000000066e-02
1.739999999999999880e-02
1.000000000000000021e-03
3.599999999999999901e-03
2.599999999999999881e-03
7.799999999999999642e-03
3.799999999999999992e-03
2.460000000000000034e-02
1.619999999999999912e-02
2.599999999999999881e-03
2.199999999999999872e-02
2.000000000000000042e-03
3.599999999999999901e-03
1.919999999999999832e-02
4.599999999999999922e-03
3.599999999999999901e-03
1.700000000000000122e-02
4.199999999999999740e-03
2.500000000000000139e-02
2.399999999999999790e-03
4.799999999999999580e-03
3.599999999999999901e-03
6.400000000000000307e-03
9.799999999999999684e-03
3.399999999999999811e-03
2.000000000000000042e-03
2.319999999999999840e-02
4.199999999999999740e-03
3.000000000000000062e-03
2.799999999999999972e-03
3.200000000000000153e-03
5.799999999999999600e-03
2.799999999999999972e-03
2.220000000000000098e-02
2.799999999999999972e-03
3.819999999999999785e-02
1.640000000000000138e-02
1.799999999999999951e-03
2.000000000000000042e-03
1.199999999999999895e-03
5.799999999999999600e-03
6.199999999999999782e-03
1.600000000000000077e-03
1.399999999999999986e-03
4.979999999999999705e-02
1.280000000000000061e-02
2.599999999999999881e-03
2.380000000000000171e-02
4.400000000000000265e-03
3.559999999999999970e-02
1.799999999999999951e-03
3.000000000000000062e-03
3.200000000000000153e-03
5.999999999999999474e-04
2.599999999999999881e-03
1.199999999999999895e-03
