7.395855485456392757e-03
1.379929585784834926e-02
4.052361711679780543e-02
5.016422107228089844e-02
2.303820798185298238e-02
4.016918314784622551e-02
2.412513881997117166e-02
4.534391909453935193e-02
2.086434630561659689e-02
1.112922662507974808e-01
7.230452966612319760e-03
2.509392500177216878e-02
7.648685049975190164e-02
4.990430282838307502e-02
3.175728361806195305e-02
7.114671203421468748e-02
2.400699416365397951e-02
1.003993289383521142e-01
3.813709505919047477e-02
2.674795019021289702e-02
2.568464828335814340e-02
3.627040948937879788e-02
4.494222726306089377e-02
2.445594385765931938e-02
4.101982467333002702e-02
