1.598208982501027886e-01
6.661488554849910593e-02
6.597523644172340052e-02
7.218897062183031454e-02
6.168044958194361660e-03
5.953305615205373158e-02
3.335313199616210620e-03
2.010325764152236586e-03
2.142824507698633946e-02
1.676794444190615394e-02
3.454105176588842530e-02
1.914378398135879733e-02
1.585416000365513778e-02
1.626536300086809522e-02
3.234796911408598791e-02
1.802439804450130245e-01
3.408415954676291548e-02
7.355964727920683358e-03
5.176588842692009251e-02
9.274912048247818674e-03
2.416959839173938793e-02
2.631699182162927642e-02
2.119979896742358455e-02
1.037145337414903910e-02
4.322200392927308399e-02
