4.560383733843717882e-03
7.395855485456392757e-03
2.785850995959452889e-02
3.038680560478249429e-02
5.647314571961909759e-03
2.490489355166465926e-02
2.315635263817017626e-03
5.883603884596300126e-03
1.649299402188039027e-02
4.619456062002315344e-02
3.449823964462087316e-03
6.946905791451052879e-03
1.446090593322463952e-02
8.411899529784267263e-03
5.174735946693130757e-03
6.190779991021006130e-03
1.734363554736419177e-02
4.938446634058741257e-03
8.270125942203634256e-03
6.119893197230689627e-03
5.080220221639375131e-03
6.876018997660735509e-03
1.275962288225703477e-02
1.112922662507974739e-02
2.339264195080456316e-03
3.426195033198648626e-03
7.230452966612319760e-03
8.955364948843363634e-03
3.119018926773942189e-03
9.664232886746532136e-03
1.661113867819758588e-02
1.417735875806337221e-03
2.693698164032041001e-03
4.631270527634035253e-03
1.930483684222962515e-02
4.208312658018478064e-02
3.142647858037380879e-03
5.741830297015666253e-03
4.276836558682451002e-03
1.519340280239124714e-02
1.632759150303631640e-02
1.044398761844001801e-02
3.071761064247063942e-03
1.602041539661161126e-02
1.254696250088608439e-02
6.521585028709151258e-03
6.143522128494127883e-03
1.351574868268708152e-02
6.190779991021006130e-03
2.705512629663760216e-02
1.252333356962264527e-02
1.150728952529477163e-02
5.387396328064082002e-03
8.175610217149877762e-03
8.506415254838023757e-03
6.923276860187613756e-03
1.866685569811677315e-03
1.164906311287540464e-02
7.608515866827343134e-03
1.843056638548238408e-03
2.490489355166465926e-02
7.324968691666076254e-03
7.750289454407977008e-03
6.450698234918834754e-03
1.358663547647739889e-02
5.056591290375936007e-03
1.280688074478391301e-02
9.900522199380921637e-03
4.205949764892133631e-03
7.726660523144537884e-03
9.900522199380921637e-03
9.546088230429338253e-03
2.457408851397651500e-03
9.049880673897120129e-03
2.646440301505162754e-03
3.780629002150232877e-03
9.191654261477753135e-03
5.765459228279104509e-03
7.986578767042366508e-03
3.331679308144892566e-03
3.000874270456747438e-03
5.167647267314099541e-02
5.458283121854398505e-03
6.356182509865079128e-03
6.970534722714492003e-03
6.119893197230689627e-03
7.183195104085442380e-03
2.263651615037451728e-02
1.016044044327875026e-02
2.150232744972945063e-03
1.795798776021360595e-03
1.351574868268708152e-02
9.168025330214314012e-03
1.772169844757921688e-03
7.254081897875758883e-03
1.394106944542898314e-03
1.956475508612745551e-02
1.056213227475721189e-02
6.828761135133858129e-03
1.060939013728409014e-02
