9.599999999999999159e-03
1.700000000000000122e-02
3.119999999999999857e-02
2.860000000000000042e-02
8.880000000000000393e-02
3.839999999999999664e-02
4.039999999999999841e-02
1.080000000000000057e-02
9.599999999999999159e-03
8.000000000000000167e-03
9.199999999999999845e-03
1.159999999999999920e-02
3.799999999999999992e-03
1.060000000000000005e-02
8.399999999999999481e-03
1.060000000000000005e-02
6.279999999999999472e-02
5.199999999999999761e-03
3.799999999999999992e-03
6.599999999999999964e-03
7.400000000000000328e-03
2.819999999999999937e-02
1.220000000000000077e-02
8.399999999999999481e-03
5.799999999999999600e-03
7.000000000000000146e-03
3.359999999999999792e-02
1.200000000000000025e-02
1.420000000000000082e-02
3.039999999999999994e-02
1.280000000000000061e-02
8.399999999999999481e-03
3.020000000000000115e-02
2.699999999999999969e-02
4.400000000000000265e-03
7.459999999999999964e-02
3.399999999999999811e-03
1.559999999999999928e-02
5.199999999999999761e-03
8.800000000000000530e-03
4.460000000000000075e-02
1.000000000000000021e-02
8.600000000000000006e-03
3.180000000000000188e-02
2.799999999999999972e-03
1.200000000000000025e-02
6.959999999999999520e-02
2.079999999999999905e-02
3.059999999999999873e-02
4.599999999999999922e-03
