8.018458445652670852e-02
2.901265591446977599e-02
6.666057477041166524e-02
4.144012427468360404e-02
2.832731758578151474e-03
4.637456024123909337e-02
1.644811988851829776e-03
6.305112623932014430e-03
1.256453602595147823e-02
2.334719239731347304e-02
1.082834559327454718e-02
8.589573719559555690e-03
9.183533604422717406e-03
1.599122766939278925e-03
8.224059944259148880e-04
5.345638963768446772e-03
8.050440900991455428e-02
9.914561155023529290e-03
2.965230502124548834e-02
2.819024992004386110e-02
8.772330607209759962e-03
4.664869557271439371e-02
1.279298213551423183e-03
1.740759354868186629e-02
6.396491067757115699e-03
1.270160369168913013e-02
7.767167725133641452e-04
1.032576415223648673e-02
3.239365833599854028e-02
5.482706629506099542e-03
1.324987435463974034e-03
4.934435966555489328e-03
9.389135103029194740e-02
7.493032393658336128e-03
3.490656554118883037e-02
6.670626399232421240e-03
8.224059944259148880e-03
2.558596427102846366e-03
7.607255448439713408e-02
8.863709051034861230e-03
1.599122766939278925e-03
1.028007493032393610e-02
1.594553844748023905e-02
8.818019829122310596e-03
2.467217983277744664e-03
2.037739297299766966e-02
3.746516196829168064e-03
6.213734180106913162e-03
4.715127701375245589e-02
1.279298213551423183e-03
