3.399999999999999811e-03
1.700000000000000122e-02
4.580000000000000043e-02
2.879999999999999921e-02
2.079999999999999905e-02
2.939999999999999905e-02
2.920000000000000026e-02
6.000000000000000125e-03
7.599999999999999985e-03
3.399999999999999811e-03
6.000000000000000125e-03
5.199999999999999761e-03
4.000000000000000083e-03
6.000000000000000125e-03
1.919999999999999832e-02
7.599999999999999985e-03
3.599999999999999901e-03
4.799999999999999580e-03
1.799999999999999951e-03
2.799999999999999972e-03
6.199999999999999956e-02
5.380000000000000060e-02
5.400000000000000286e-03
5.199999999999999761e-03
3.799999999999999992e-03
9.599999999999999159e-03
2.799999999999999972e-03
1.260000000000000009e-02
4.000000000000000083e-03
9.400000000000000369e-03
8.800000000000000530e-03
5.199999999999999761e-03
2.680000000000000090e-02
1.000000000000000021e-02
8.000000000000000167e-03
1.039999999999999952e-02
1.239999999999999956e-02
1.000000000000000021e-02
8.459999999999999465e-02
1.519999999999999997e-02
2.200000000000000133e-03
3.000000000000000062e-03
6.799999999999999621e-03
4.199999999999999740e-03
6.599999999999999964e-03
3.399999999999999811e-03
7.400000000000000328e-03
2.079999999999999905e-02
5.199999999999999761e-03
8.200000000000000691e-03
4.019999999999999962e-02
5.000000000000000104e-03
2.460000000000000034e-02
3.799999999999999992e-03
1.480000000000000066e-02
2.120000000000000009e-02
2.200000000000000133e-03
6.199999999999999782e-03
1.799999999999999951e-03
6.799999999999999621e-03
2.399999999999999790e-03
4.400000000000000265e-03
2.639999999999999986e-02
3.000000000000000062e-03
4.400000000000000265e-03
6.400000000000000307e-03
3.219999999999999946e-02
3.000000000000000062e-03
2.680000000000000090e-02
3.200000000000000153e-03
5.000000000000000104e-03
1.580000000000000154e-02
4.019999999999999962e-02
1.720000000000000001e-02
2.799999999999999972e-03
