5.550159567087553820e-03
2.247814624670459172e-02
7.784098792840293823e-02
8.172609962536422912e-02
5.550159567087553820e-03
1.387539891771888455e-03
7.326210628555571147e-02
7.520466213403635691e-02
3.052587761898154645e-03
2.497571805189399176e-03
9.157763285694463934e-03
2.081309837657832791e-03
1.387539891771888455e-03
1.248785902594699588e-03
1.762175662550298158e-02
7.215207437213820227e-03
6.105175523796309289e-03
3.885111696961287848e-03
1.304287498265575135e-02
1.221035104759261858e-02
7.076453448036631143e-03
1.276536700430137318e-02
5.550159567087553820e-03
6.105175523796309289e-03
6.243929512973498373e-03
1.387539891771888455e-03
4.440127653670042883e-03
2.358817816012210525e-03
2.497571805189399176e-03
2.913833772720965561e-03
2.358817816012210525e-03
3.052587761898154645e-03
2.081309837657832791e-03
2.400444012765367077e-02
5.966421534619120205e-03
2.497571805189399176e-03
4.856389621201609268e-03
2.775079783543776910e-03
9.990287220757596703e-03
5.966421534619120205e-03
1.304287498265575135e-02
1.110031913417510721e-03
1.012904120993478492e-02
1.942555848480643924e-03
1.193284306923824041e-02
5.966421534619120205e-03
2.414319411683085725e-02
1.110031913417510721e-03
2.233939225752740523e-02
2.913833772720965561e-03
4.023865686138476498e-03
3.052587761898154645e-03
2.414319411683085725e-02
5.272651588733175652e-03
5.272651588733175652e-03
6.521437491327875674e-03
2.913833772720965734e-02
5.827667545441931121e-03
4.717635632024421051e-03
1.942555848480643924e-03
7.353961426391008444e-03
4.995143610378798352e-03
8.047731372276952996e-03
1.248785902594699588e-03
7.076453448036631143e-03
4.023865686138476498e-03
4.023865686138476498e-03
1.068405716664354126e-02
2.497571805189399176e-03
4.162619675315665582e-03
1.526293880949077322e-03
5.966421534619120205e-03
1.012904120993478492e-02
4.162619675315665582e-03
1.526293880949077322e-03
1.401415290689607407e-02
5.411405577910364736e-03
7.908977383099764780e-03
4.023865686138476498e-03
8.325239350631331164e-03
2.095185236575551613e-02
5.550159567087553820e-03
3.468849729429721029e-03
8.325239350631330948e-04
1.859303454974330430e-02
1.526293880949077322e-03
4.162619675315665582e-03
1.248785902594699588e-03
6.105175523796309289e-03
4.856389621201609268e-03
2.081309837657832791e-03
9.712779242403219620e-04
5.688913556264742905e-03
3.260718745663938184e-02
2.095185236575551613e-02
1.540169279866796144e-02
3.468849729429721029e-03
2.636325794366587826e-03
6.521437491327875674e-03
3.330095740252532379e-03
