3.262028730945360812e-03
1.944670974217426688e-03
1.881939652468477475e-03
1.900759048993162434e-02
3.262028730945360812e-03
2.183049996863433914e-02
2.609622984756288649e-02
2.917006461326140249e-02
3.136566087447462386e-03
4.453923844175396510e-03
2.321058904711122400e-03
7.841415218618657049e-03
2.321058904711122400e-03
5.206699705162787933e-03
1.104071262781506843e-02
7.063546828931685506e-02
3.387491374443259672e-03
2.446521548209020826e-03
3.701147983188005954e-03
6.210400853145976209e-03
2.007402295966376118e-03
1.016247412332977815e-02
3.952073270183802806e-03
8.029609183865504471e-03
3.387491374443259672e-03
2.107772410764694945e-02
3.387491374443259672e-03
2.509252869957969822e-03
1.932124709867636889e-02
3.199297409196411816e-03
2.195596261213223974e-03
2.822909478702716104e-03
4.391192522426447947e-03
2.697446835204817678e-03
2.007402295966376118e-03
3.701147983188005954e-03
3.500407753591368298e-02
2.697446835204817678e-03
1.292265228028354612e-02
1.819208330719528262e-03
7.276833322878113047e-03
2.760178156953767108e-03
2.873094536101875734e-02
4.014804591932752235e-03
2.076406749890220144e-02
3.525500282290947723e-02
2.383790226460071396e-03
2.321058904711122400e-03
1.129163791481086485e-03
5.771281600903331067e-03
2.571984191706919165e-02
2.634715513455868682e-03
2.070133617715325114e-03
2.866821403926980705e-02
3.450222696192208668e-03
1.944670974217426688e-03
6.084938209648077523e-02
3.512954017941158098e-03
4.265729878928549088e-03
1.380089078476883467e-02
3.826610626685904380e-03
2.321058904711122400e-03
4.911862492942726394e-02
3.061288501348723504e-02
3.952073270183802806e-03
1.035066808857662557e-02
2.070133617715325114e-03
5.206699705162787933e-03
7.715952575120758189e-03
6.837714070635467906e-03
6.837714070635467906e-03
1.750203876795684149e-02
2.007402295966376118e-03
2.321058904711122400e-03
4.341007465027288403e-02
6.273132174894924772e-03
6.398594818392823631e-03
1.060159337557242329e-02
2.007402295966376118e-03
3.111473558747882701e-02
3.763879304936954950e-03
4.140267235430650228e-03
3.199297409196411816e-03
1.380089078476883554e-03
1.693745687221629836e-03
2.195596261213223974e-03
3.324760052694310242e-03
2.891913932626560477e-02
4.014804591932752235e-03
5.708550279154381638e-03
2.571984191706919252e-03
1.116617527131296729e-02
1.317357756727934341e-03
2.258327582962172970e-03
2.007402295966376118e-03
1.436547268050937867e-02
3.324760052694310242e-03
5.457624992158584785e-03
1.342450285427513983e-02
1.505551721974781980e-03
