6.416601249189392286e-03
4.061572067306051630e-03
1.802109287006382551e-02
1.730434485818628521e-02
8.020751561486740358e-03
4.437011502099047489e-03
7.611181268985289620e-03
4.368749786682139466e-03
1.464213795692685671e-02
8.669237857947370909e-03
1.911328031673436081e-02
4.232226355848322553e-03
1.511996996484521634e-02
2.443769411925321780e-02
2.358442267654186145e-02
1.085361275128843977e-02
1.983002832861189765e-02
8.839892146489641833e-03
5.563329806478036800e-03
1.249189392129424273e-02
1.071708932045462373e-02
1.716782142735246916e-02
4.914843510017407116e-03
1.027338817024471898e-02
1.948871975152735581e-02
5.631591521894944823e-03
3.549609201679237991e-03
9.966210450868630277e-03
4.710058363766681314e-03
1.931806546298508315e-02
1.628041912693265966e-02
1.474453053005221961e-02
3.075190279531724719e-02
1.348168879483941512e-02
9.624901873784088430e-03
2.341376838799958879e-02
1.890849517048363501e-02
1.399365166046622790e-02
1.000034130857708516e-02
1.795283115464691576e-02
1.703129799651865312e-02
1.508583910713676320e-02
7.406396122734564685e-03
2.109287006382470561e-02
1.515410082255367122e-02
1.194580019795897508e-02
1.948871975152735581e-02
3.539369944366702048e-02
7.747704699819106533e-03
1.665585856172565465e-02
9.078808150448820780e-03
4.573534932932864401e-03
1.416430594900849882e-02
2.279941294924741485e-02
1.003447216628553830e-02
2.795317246322399918e-02
8.600976142530461152e-03
1.167275333629134125e-02
2.020546776340489264e-02
2.109287006382470561e-02
8.839892146489641833e-03
8.259667565445919304e-03
1.505170824942830832e-02
1.201406191337588310e-02
1.860131745110754631e-02
1.119492132837298162e-02
1.471039967234376647e-02
7.304003549609201784e-03
1.071708932045462373e-02
2.167309464486842641e-02
1.061469674732926083e-02
3.686132632513054903e-03
1.047817331649544305e-02
9.010546435031912757e-03
8.157274992320556403e-03
