5.017236083142769150e-03
5.529198948769582789e-03
1.378886651421550209e-02
1.194580019795897508e-02
6.553124680023209199e-03
7.850097272944469434e-03
1.293559507150414747e-02
3.140038909177787687e-03
7.406396122734564685e-03
3.481347486262329968e-03
1.460800709921840357e-02
1.139970647462370743e-02
9.454247585241817506e-03
1.300385678692105550e-02
1.139970647462370743e-02
1.651933513089183861e-02
1.498344653401140029e-02
2.662206901259428493e-03
9.351855012116454605e-03
6.348339533772483397e-03
7.269872691900747773e-03
5.119628656268132051e-03
3.344824055428513056e-03
1.546127854192975819e-02
1.293559507150414747e-02
1.099013618212225755e-02
1.218471620191815402e-02
2.764599474384791394e-03
1.225297791733506204e-02
8.327929280862827327e-03
4.402880644390593477e-03
1.273080992525342167e-02
1.047817331649544305e-02
1.279907164067032969e-02
1.122905218608143650e-02
2.498378784258848545e-02
5.017236083142769150e-03
9.283593296699546582e-03
1.419843680671695196e-02
1.303798764462951038e-02
9.420116727533362627e-03
9.351855012116454605e-03
1.631454998464111281e-02
1.740673743131164811e-02
1.276494078296187655e-02
9.556640158367180407e-03
1.146796819004061545e-02
1.153622990545752347e-02
1.170688419399979439e-02
1.081948189357998490e-02
9.488378442950270650e-03
1.225297791733506204e-02
1.167275333629134125e-02
1.860131745110754631e-02
1.023925731253626410e-02
1.228710877504351692e-02
1.686064370797638046e-02
7.679442984402197643e-03
1.361821222567323117e-02
9.317724154407999726e-03
1.436909109525922462e-02
7.269872691900747773e-03
7.815966415236014556e-03
5.153759513976586062e-03
1.651933513089183861e-02
9.522509300658725528e-03
5.222021229393494952e-03
4.402880644390593477e-03
6.211816102938666484e-03
5.495068091061128777e-03
4.880712652308952237e-03
1.962524318236117185e-02
1.385712822963241012e-02
1.099013618212225755e-02
1.525649339567903412e-02
1.037578074337008015e-02
1.303798764462951038e-02
9.488378442950270650e-03
7.713573842110652522e-03
7.201610976483838883e-03
1.979589747090344451e-02
8.737499573364278932e-03
7.884228130652922578e-03
1.252602477900269587e-02
3.481347486262329968e-03
1.488105396088603739e-02
6.143554387521758461e-03
4.573534932932864401e-03
9.966210450868630277e-03
1.081948189357998490e-02
1.242363220587733297e-02
1.877197173964981680e-03
5.222021229393494952e-03
9.112939008157275658e-03
1.911328031673435908e-03
3.071777193760879231e-03
1.225297791733506204e-02
7.577050411276835609e-03
1.170688419399979439e-02
3.071777193760879231e-03
