1.392635342826673353e-02
7.276833322878113047e-03
1.035066808857662557e-02
1.789724609497522212e-01
8.901574556175897990e-02
1.104071262781506843e-02
3.042469104824038761e-02
8.920393952700583773e-02
1.097798130606611813e-02
6.781255881061414026e-02
1.430274135876042838e-02
1.066432469732137185e-02
2.904460196976350189e-02
9.698262342387553581e-02
6.630700708863936088e-02
1.455366664575622609e-02
1.455366664575622609e-02
7.465027288124960470e-03
9.158772975346590739e-03
4.529201430274135826e-02
7.590489931622859329e-03
1.227651966626936847e-01
1.248353302804090098e-02
1.104071262781506843e-02
2.879367668276770764e-02
