9.435271264048842102e-03
8.130983765783265926e-02
8.699875121409740564e-02
2.386568613847648082e-02
6.243929512973498373e-03
2.358817816012210525e-03
7.242958235049257176e-02
7.284584431802414162e-02
1.942555848480643924e-03
5.411405577910364736e-03
1.082281115582072947e-02
3.052587761898154645e-03
9.435271264048842102e-03
1.026779519911197487e-02
3.468849729429721029e-03
8.325239350631331164e-03
2.455945608436242711e-02
4.440127653670042883e-03
1.692798667961703876e-02
2.358817816012210525e-03
3.191341751075343295e-03
7.076453448036631143e-03
2.636325794366587826e-03
1.665047870126266233e-02
1.179408908006105219e-02
4.578881642847231967e-03
8.741501318162897549e-03
1.665047870126266233e-02
3.885111696961287848e-03
4.856389621201609268e-03
5.827667545441931121e-03
2.636325794366587826e-03
1.082281115582072947e-02
4.440127653670042883e-03
3.968364090467600691e-02
6.382683502150686590e-03
5.272651588733175652e-03
1.234910503676980680e-02
4.856389621201609268e-03
1.484667684195920684e-02
8.047731372276952996e-03
1.665047870126266190e-03
1.082281115582072947e-02
6.105175523796309289e-03
2.955459969474122373e-02
1.665047870126266190e-03
9.019009296517275717e-03
7.353961426391008444e-03
1.054530317746635130e-02
1.401415290689607407e-02
7.353961426391008444e-03
2.081309837657832791e-03
2.220063826835021528e-02
1.082281115582072947e-02
2.358817816012210525e-03
2.622450395448869265e-02
3.330095740252532379e-03
3.607603718606910113e-03
6.660191480505064758e-03
3.607603718606910113e-03
7.215207437213820227e-03
2.303316220341334805e-02
5.272651588733175652e-03
5.688913556264742905e-03
6.937699458859442059e-03
2.317191619259053800e-02
5.966421534619120205e-03
2.400444012765367077e-02
4.023865686138476498e-03
2.358817816012210525e-03
2.358817816012210439e-02
1.526293880949077322e-03
2.497571805189399176e-03
3.108089357569030278e-02
2.913833772720965561e-03
