3.712489621634443987e-02
1.684260467322974686e-02
1.945202229865970744e-02
2.988969280037955326e-02
3.582018740362945958e-02
3.214328074961451953e-02
2.609417625429961019e-03
2.051951132724469384e-02
1.008184082552484803e-02
9.132961689004863784e-03
2.905942355592456422e-02
2.656861582255960058e-02
1.909619262246471313e-02
5.337445142924919853e-03
8.468746293440873596e-02
1.850314316213972146e-02
2.728027517494959267e-03
1.114932985410983270e-02
1.494484640018977663e-02
7.946862768354880438e-03
3.522713794330447484e-02
7.828252876289881756e-03
6.879373739769896641e-03
6.167714387379907154e-03
8.184082552484877801e-03
2.514529711777962334e-02
3.997153362590440129e-02
1.304708812714980466e-02
1.008184082552484803e-02
2.822915431146957518e-02
1.435179693986478495e-02
4.269956114339936055e-03
2.443363776538963472e-02
9.832760052188352362e-02
8.184082552484877801e-03
2.182422013995967414e-02
3.558296761949946568e-03
6.997983631834895323e-03
3.131301150515952703e-02
3.083857193689953577e-03
2.431502787332463431e-02
2.822915431146957518e-02
8.065472660419879120e-03
7.472423200094888314e-03
3.332937967026450288e-02
1.707982445735974422e-02
2.977108290831455284e-02
5.100225358794923357e-03
6.167714387379907154e-03
9.726011149329853722e-03
