3.783655556873443543e-02
1.660538488909974950e-02
1.052069742616534159e-01
1.945202229865970744e-02
3.024552247657454757e-02
3.498991815917447401e-02
2.965247301624955329e-03
1.862175305420472188e-02
7.828252876289881756e-03
9.844621041394852404e-03
1.079350017791483839e-02
3.605740718775946041e-02
1.779148380974973284e-02
6.760763847704898827e-03
1.672399478116474991e-02
3.083857193689953577e-03
1.541928596844976788e-02
5.740718775945913982e-02
5.337445142924919853e-03
1.423318704779978627e-02
8.302692444549874748e-03
3.653184675601945514e-02
7.709642984224883942e-03
6.879373739769896641e-03
2.680583560668959794e-02
6.760763847704898827e-03
2.407780808919464041e-02
2.716166528288459225e-02
3.653184675601945514e-02
1.352152769540979765e-02
1.138654963823983006e-02
1.530067607638477094e-02
2.348475862886964874e-02
1.364013758747479460e-02
4.151346222274937374e-03
1.020045071758984671e-02
2.811054441940457824e-02
2.384058830506464305e-02
4.981615466729925543e-03
9.726011149329853722e-03
5.337445142924919853e-03
2.834776420353457560e-02
7.235203415964891818e-03
3.083857193689953577e-02
8.397580358201874040e-02
7.116593523899893137e-03
8.539912228679872111e-03
1.435179693986478495e-02
5.456055034989918534e-03
2.490807733364962771e-03
