5.153759513976586062e-03
1.194580019795897508e-02
1.249189392129424273e-02
1.808935458548073180e-02
9.727294446909451331e-03
5.938769241271033526e-03
8.566845284822008008e-03
1.580258711901430177e-02
1.385712822963241012e-02
6.587255537731663210e-03
2.180961807570224245e-02
1.327690364858868932e-02
4.948974367725861127e-03
2.501791870029693859e-02
1.576845626130584516e-02
1.679238199255947417e-02
9.283593296699546582e-03
2.822621932489163474e-02
4.675927506058227302e-03
5.153759513976586062e-03
1.215058534420969914e-02
7.338134407317655795e-03
4.983105225434315139e-03
8.566845284822008008e-03
1.897675688590054130e-02
4.232226355848322553e-03
2.170722550257687955e-02
2.228745008362060034e-02
9.795556162326359353e-03
9.624901873784088430e-03
1.996655175944571370e-02
1.474453053005221961e-02
1.720195228506092230e-02
2.140004778320079085e-02
1.040991160107853503e-02
3.112734223011024218e-02
1.621215741151574991e-02
1.590497969213966467e-02
2.081982320215707005e-02
2.218505751049523744e-02
1.177514590941670415e-02
2.198027236424451511e-02
4.744189221475135325e-03
3.140038909177787774e-02
1.771391515068773681e-02
2.600771357384211099e-02
1.860131745110754631e-02
1.863544830881599945e-02
9.897948735451722255e-03
5.051366940851223161e-03
1.416430594900849882e-02
1.385712822963241012e-02
1.877197173964981897e-02
9.761425304617904475e-03
2.150244035632615375e-02
5.665722379603399701e-03
8.635107000238916031e-03
1.180927676712515730e-02
8.054882419195195237e-03
1.375473565650704721e-02
1.061469674732926083e-02
6.143554387521758461e-03
1.778217686610464657e-02
4.129833782722959652e-03
6.962694972524659937e-03
9.795556162326359353e-03
1.259428649441960563e-02
6.553124680023209199e-03
1.249189392129424273e-02
1.252602477900269587e-02
1.402778251817468104e-02
7.030956687941567959e-03
9.795556162326359353e-03
7.304003549609201784e-03
7.713573842110652522e-03
