2.948372122200614964e-03
2.258327582962172970e-03
2.195596261213223974e-03
6.925537921083997628e-02
2.816636346527821508e-02
2.760178156953767108e-03
2.433975283859230940e-02
5.645818957405432208e-03
3.324760052694310242e-03
5.520356313907534215e-03
2.571984191706919252e-03
1.605921836773100894e-02
1.022520544507872844e-02
6.335863496643874201e-03
1.279718963678564726e-02
4.077535913681701665e-03
3.073834765698513390e-03
6.837714070635467906e-03
1.756477008970579049e-03
2.195596261213223974e-03
1.254626434978984911e-03
8.405997114359199315e-03
3.249482466595571273e-02
1.756477008970579049e-03
3.512954017941158098e-03
1.380089078476883467e-02
6.837714070635467906e-03
2.634715513455868682e-03
1.756477008970579049e-03
2.659808042155448193e-02
1.944670974217426688e-03
1.505551721974781980e-03
7.904146540367605611e-03
2.383790226460071396e-03
3.575685339690107094e-03
4.391192522426447947e-03
1.442820400225832767e-03
6.335863496643874201e-03
2.446521548209020826e-03
5.062417665140204331e-02
2.929552725675929961e-02
4.880496832068251939e-02
2.383790226460071396e-03
3.826610626685904380e-03
4.535474562449030855e-02
1.003701147983187929e-02
2.948372122200614964e-03
1.254626434978984911e-03
5.143968383413838504e-03
2.321058904711122400e-03
2.132864939464274544e-03
6.586788783639671054e-03
1.976036635091901403e-02
2.948372122200614964e-03
3.004830311774668930e-02
3.262028730945360812e-03
1.944670974217426688e-03
3.870522551910168807e-02
1.116617527131296729e-02
4.140267235430650228e-03
5.583087635656483645e-03
6.022206887899127919e-03
3.701147983188005954e-03
3.826610626685904380e-03
1.831754595069318148e-02
4.642117809422244799e-03
2.195596261213223974e-03
7.025908035882316195e-03
2.019948560316165917e-02
4.328461200677498517e-03
8.029609183865504471e-03
4.077535913681701318e-02
8.155071827363403331e-03
1.881939652468477475e-03
3.205570541371306759e-02
2.201869393388118656e-02
3.575685339690107094e-03
2.132864939464274544e-03
1.442820400225832767e-03
3.011103443949563960e-03
1.631014365472680406e-03
2.070133617715325114e-03
3.826610626685904380e-03
1.756477008970579049e-03
4.328461200677498517e-03
1.354996549777303869e-02
4.265729878928549088e-03
1.380089078476883554e-03
4.667210338121824398e-02
1.091524998431716957e-02
2.132864939464274544e-03
4.830311774669092222e-03
1.191895113230035698e-03
2.634715513455868682e-03
1.568283043723731193e-03
1.442820400225832767e-03
1.775296405495263921e-02
2.007402295966376118e-03
8.656922401354997035e-03
2.446521548209020826e-03
