5.411405577910364736e-03
2.747328985708339180e-02
7.881226585264326789e-02
6.563063688081031966e-02
1.110031913417510721e-03
4.023865686138476498e-03
7.756347995004855833e-02
2.775079783543776910e-03
6.660191480505064758e-03
7.534341612321354686e-02
4.023865686138476498e-03
3.885111696961287848e-03
1.803801859303455057e-03
1.665047870126266190e-03
2.553073400860274636e-02
2.081309837657832791e-03
6.243929512973498373e-03
8.186485361454141213e-03
1.318162897183293956e-02
5.827667545441931121e-03
7.631469404745386612e-03
2.594699597613431274e-02
3.468849729429721029e-03
2.636325794366587826e-03
4.023865686138476498e-03
6.243929512973498373e-03
1.026779519911197487e-02
2.358817816012210525e-03
1.110031913417510721e-03
1.096156514499791942e-02
2.220063826835021441e-03
1.248785902594699588e-03
1.803801859303455057e-03
1.803801859303455057e-03
4.023865686138476498e-03
2.719578187872901190e-02
4.023865686138476498e-03
2.594699597613431274e-02
9.574025253226030319e-03
7.076453448036631143e-03
1.387539891771888455e-03
6.105175523796309289e-03
5.411405577910364736e-03
5.272651588733175652e-03
9.157763285694463934e-03
5.411405577910364736e-03
1.082281115582072947e-02
9.435271264048842102e-03
4.995143610378798352e-03
1.789926460385736148e-02
1.928680449562925059e-02
8.602747328985707598e-03
8.186485361454141213e-03
6.937699458859442059e-03
2.913833772720965561e-03
3.607603718606910113e-03
6.521437491327875674e-03
1.110031913417510721e-03
1.803801859303455057e-03
2.220063826835021441e-03
7.353961426391008444e-03
1.942555848480643924e-03
5.827667545441931121e-03
1.984182045233800346e-02
3.052587761898154645e-03
7.631469404745386612e-03
3.746357707784098764e-03
2.136811433328708251e-02
7.215207437213820227e-03
5.550159567087553604e-04
7.353961426391008444e-03
2.150686832246427246e-02
3.191341751075343295e-03
6.660191480505064758e-03
2.858332177050090100e-02
2.775079783543776910e-03
6.937699458859442059e-03
6.937699458859442276e-04
1.665047870126266190e-03
2.636325794366587826e-03
2.178437630081864890e-02
1.526293880949077322e-03
2.220063826835021441e-03
1.387539891771888455e-03
1.942555848480643924e-03
3.468849729429721029e-03
2.220063826835021441e-03
1.248785902594699588e-03
4.440127653670042883e-03
1.803801859303455057e-03
2.247814624670459172e-02
3.427223532676564738e-02
4.301373664492853799e-03
2.775079783543776910e-03
5.272651588733175652e-03
1.665047870126266190e-03
6.105175523796309289e-03
1.248785902594699588e-03
4.440127653670042883e-03
9.712779242403219620e-04
