2.372197841299964263e-02
8.302692444549874748e-03
6.950539675008896023e-02
6.997983631834895323e-03
1.091211006997983707e-02
1.802870359387973020e-02
2.846637409559957515e-03
1.020045071758984671e-02
1.541928596844976788e-03
5.574664927054916348e-03
4.625785790534930365e-03
1.103071996204483401e-02
7.116593523899893137e-03
1.530067607638477094e-02
1.316569801921480334e-02
4.032736330209939560e-03
1.423318704779978757e-03
1.079350017791483839e-02
3.202467085754951825e-03
3.321076977819950073e-03
1.340291780334479897e-02
3.439686869884948320e-03
1.423318704779978757e-03
1.150515953030482701e-02
1.541928596844976788e-02
5.100225358794923357e-03
2.241726960028466234e-02
6.167714387379907154e-03
4.032736330209939560e-03
1.067489028584983971e-02
3.558296761949946568e-03
1.233542877475981431e-02
2.846637409559957515e-03
3.083857193689953577e-03
3.202467085754951825e-03
3.202467085754951825e-03
1.719843434942474117e-02
1.458901672399478058e-02
3.048274226070454146e-02
4.981615466729925543e-03
1.411457715573478759e-02
1.340291780334479897e-02
2.965247301624955329e-03
2.728027517494959267e-03
6.404934171509903650e-03
1.079350017791483839e-02
4.507175898469932551e-02
1.897758273039971532e-03
1.435179693986478495e-02
2.419641798125963736e-02
9.370181473134859412e-03
2.490807733364962771e-03
4.981615466729925543e-03
1.779148380974973284e-03
4.507175898469932551e-03
9.251571581069860731e-03
1.660538488909974950e-02
9.488791365199858094e-03
2.490807733364962771e-03
1.553789586051476657e-02
2.965247301624955329e-03
1.423318704779978757e-03
2.134978057169968028e-03
4.507175898469932551e-03
4.625785790534930365e-03
1.636816510496975560e-02
4.269956114339936055e-03
5.693274819119915030e-03
5.574664927054916348e-03
4.151346222274937374e-03
4.388566006404933870e-03
4.388566006404933870e-03
4.507175898469932551e-03
1.435179693986478495e-02
1.304708812714980510e-03
4.151346222274937374e-03
1.126793974617483138e-02
3.166884118135452481e-02
2.490807733364962771e-03
3.415964891471948844e-02
2.134978057169968028e-03
5.218835250859922038e-03
4.388566006404933870e-03
8.421302336614873429e-03
3.439686869884948320e-03
1.601233542877476129e-02
1.779148380974973284e-02
2.182422013995967414e-02
7.353813308029889632e-03
3.439686869884948320e-03
2.988969280037955326e-02
5.693274819119915030e-03
3.439686869884948320e-03
4.625785790534930365e-03
2.229865970821966539e-02
4.151346222274937374e-03
6.167714387379907154e-03
1.174237931443482437e-02
1.779148380974973284e-02
6.642153955639900145e-03
