5.699853237311853713e-03
7.269872691900747773e-03
6.007030956687941549e-03
9.795556162326359353e-03
6.348339533772483397e-03
4.163964640431413664e-03
3.652001774804600892e-03
1.044404245878698990e-02
1.163862247858288637e-02
8.600976142530461152e-03
1.136557561691525255e-02
2.559814328134066026e-03
2.310659066862350355e-02
4.402880644390593477e-03
1.044404245878698990e-02
1.327690364858868932e-02
9.624901873784088430e-03
1.109252875524761872e-02
1.853305573569063655e-02
2.013720604798798636e-02
8.908153861906549856e-03
3.925048636472234717e-03
8.908153861906549856e-03
1.740673743131164984e-03
5.324413802518856986e-03
1.314038021775487154e-02
1.740673743131164984e-03
9.181200723574183681e-03
1.877197173964981897e-02
1.324277279088023444e-02
9.761425304617904475e-03
1.228710877504351692e-02
5.187890371685040074e-03
9.010546435031912757e-03
7.713573842110652522e-03
2.041025290965561845e-02
4.675927506058227302e-03
9.283593296699546582e-03
1.826000887402300446e-02
9.317724154407999726e-03
1.174101505170824927e-02
1.358408136796477629e-02
9.659032731492541574e-03
3.140038909177787687e-03
2.058090719819789111e-02
1.225297791733506204e-02
1.771391515068773681e-02
9.385985869824909483e-03
9.454247585241817506e-03
9.693163589200996452e-03
8.089013276903648381e-03
8.327929280862827327e-03
1.948871975152735581e-02
1.153622990545752347e-02
5.597460664186490811e-03
1.269667906754496679e-02
1.273080992525342167e-02
3.140038909177787687e-03
1.157036076316597835e-02
9.317724154407999726e-03
2.006894433257107660e-02
1.638281170005802256e-02
1.399365166046622790e-02
9.795556162326359353e-03
1.256015563671115075e-02
1.225297791733506204e-02
5.597460664186490811e-03
6.382470391480938275e-03
1.064882760503771397e-02
8.942284719615004734e-03
5.426806375644219887e-03
1.354995051025632315e-02
1.587084883443120806e-02
1.075122017816307687e-02
1.262841735212805877e-02
3.413085770845421512e-03
3.959179494180688728e-03
4.914843510017407116e-03
3.071777193760879231e-03
2.621249872009283680e-02
1.245776306358578785e-02
3.993310351889142740e-03
9.215331581282636825e-03
1.914741117444281396e-02
5.153759513976586062e-03
1.344755793713096025e-02
4.027441209597597618e-03
1.238950134816887982e-02
3.686132632513054903e-03
8.600976142530461152e-03
1.307211850233796352e-02
1.068295846274616885e-02
1.549540939963821307e-02
6.621386395440117222e-03
4.846581794600498226e-03
4.163964640431413664e-03
5.119628656268132051e-03
2.935253762927062318e-03
6.587255537731663210e-03
1.327690364858868932e-02
