8.200000000000000691e-03
2.340000000000000066e-02
7.220000000000000029e-02
3.819999999999999785e-02
4.320000000000000229e-02
2.840000000000000163e-02
3.180000000000000188e-02
5.400000000000000286e-03
1.619999999999999912e-02
5.799999999999999600e-03
6.599999999999999964e-03
8.999999999999999320e-03
1.000000000000000021e-02
7.080000000000000182e-02
7.599999999999999985e-03
8.399999999999999481e-03
5.599999999999999943e-03
6.599999999999999964e-03
8.600000000000000006e-03
3.200000000000000153e-03
4.199999999999999740e-03
1.099999999999999936e-02
1.580000000000000154e-02
1.119999999999999989e-02
7.839999999999999747e-02
1.039999999999999952e-02
1.080000000000000057e-02
9.400000000000000369e-03
7.000000000000000146e-03
6.799999999999999621e-03
1.340000000000000045e-02
8.800000000000000530e-03
2.779999999999999832e-02
8.859999999999999820e-02
9.799999999999999684e-03
2.479999999999999913e-02
1.060000000000000005e-02
6.199999999999999782e-03
2.460000000000000034e-02
6.199999999999999782e-03
8.999999999999999320e-03
5.160000000000000003e-02
6.800000000000000488e-02
4.400000000000000265e-03
2.680000000000000090e-02
5.400000000000000286e-03
6.799999999999999621e-03
4.799999999999999580e-03
2.520000000000000018e-02
3.000000000000000062e-03
