5.316509534273764631e-03
7.797547316934855255e-03
3.846790009687861556e-02
3.832612650929798775e-02
6.356182509865079128e-03
1.309042791994518076e-02
3.761725857139481405e-02
3.560879941400250243e-02
7.376952340445641632e-02
1.042035868717657889e-02
4.465868008789962255e-03
1.254696250088608439e-02
1.665839654072446413e-02
2.542473003946031651e-02
1.323220150752581377e-02
1.620944684671912425e-02
3.352945346281987343e-02
1.384655372037522751e-02
7.750289454407977008e-03
1.658750974693414676e-02
3.074123957373408114e-02
6.450698234918834754e-03
6.852390066397297252e-03
1.488622669596654201e-02
1.046761654970345713e-02
1.977741546749840415e-02
2.436142813260556289e-02
1.637484936556319465e-02
2.511755393303560790e-02
3.397840315682521678e-02
1.476808203964934639e-02
9.498830367902460006e-03
3.851515795940549380e-02
1.169632097540228288e-02
2.788213889085796801e-02
3.251340941849200500e-02
4.843930909004985630e-03
7.055598875262872327e-02
2.169135889983695928e-02
2.091160416814347514e-02
8.411899529784267263e-03
9.971408993171239007e-03
1.618581791545568513e-02
1.254696250088608439e-02
1.620944684671912425e-02
9.735119680536849507e-03
1.526428959618156452e-02
1.164906311287540464e-02
1.072753479360128576e-02
2.039176768034781789e-02
