3.198245533878558283e-02
3.490656554118883037e-02
4.262804404440992401e-02
1.896102709370859479e-02
2.604285649015397434e-03
2.462649061086489774e-02
3.655137753004066470e-04
5.025814410380591464e-04
7.127518618357929318e-03
5.162882076118243367e-03
1.055421026179924164e-02
3.335313199616210620e-03
1.142230547813770630e-03
2.512907205190295732e-03
1.982912231004705858e-02
5.610636450861241492e-02
7.995613834696395708e-03
2.604285649015397434e-03
1.612829533513044158e-02
1.462055101201626588e-03
6.305112623932014430e-03
5.574085073331200811e-03
4.203408415954676576e-03
3.061177868140905513e-03
1.439210490245351054e-02
1.462055101201626588e-03
6.442180289669667201e-03
1.050852103988669144e-03
9.137844382510165904e-04
5.756841960981404216e-03
3.015488646228354878e-03
5.025814410380591464e-03
4.568922191255082952e-04
2.741353314753049988e-04
1.114817014666240162e-02
7.355964727920683358e-03
4.112029972129574440e-04
2.764197925709325002e-02
3.106867090053456581e-03
7.049846941106592546e-02
3.381002421528761254e-03
4.888746744642938694e-03
5.117192854205692733e-03
1.644811988851829776e-03
5.802531182893955718e-03
4.020651528304473171e-03
7.995613834696395708e-03
2.467217983277744664e-03
4.568922191255082952e-04
6.670626399232421240e-03
1.279298213551423183e-03
1.402659112715310373e-02
4.303924704162288145e-02
4.157719194042125074e-03
2.937816968977018453e-02
1.462055101201626588e-03
2.604285649015397434e-03
4.980125188468039962e-03
5.208571298030794869e-03
2.677388404075478623e-02
3.271348288938639298e-02
8.224059944259148880e-04
4.568922191255082952e-04
3.198245533878557850e-03
1.270160369168913013e-02
2.654543793119203132e-02
2.741353314753049988e-04
1.736190432676931478e-03
7.036140174532828050e-03
2.284461095627541476e-04
3.381002421528761254e-03
8.246904555215424371e-02
9.549047379723122481e-03
4.294786859779777845e-03
7.767167725133640802e-03
8.315438388084250149e-03
7.127518618357929318e-03
4.112029972129574440e-04
7.310275506008132940e-04
4.431854525517430615e-03
1.589984922556769015e-02
1.832137798693288244e-02
1.690501210764380627e-03
2.873852058299447218e-02
6.396491067757115916e-04
4.568922191255082952e-04
1.599122766939278925e-03
4.751679078905285923e-03
2.924110202403253176e-03
1.813862109928267990e-02
5.985288070544158255e-03
1.187919769726321481e-03
3.061177868140905513e-03
4.203408415954676576e-03
2.284461095627541476e-04
4.751679078905285923e-03
2.261616484671265942e-02
3.015488646228354878e-03
3.381002421528761254e-03
2.284461095627541476e-04
