4.799999999999999580e-03
3.679999999999999938e-02
1.700000000000000122e-02
2.340000000000000066e-02
2.019999999999999921e-02
2.860000000000000042e-02
3.059999999999999873e-02
4.400000000000000265e-03
1.399999999999999986e-03
4.199999999999999740e-03
3.599999999999999901e-03
6.199999999999999782e-03
3.399999999999999811e-03
3.599999999999999901e-03
8.800000000000000530e-03
4.619999999999999801e-02
2.000000000000000042e-03
5.400000000000000286e-03
2.000000000000000042e-03
1.600000000000000033e-02
2.799999999999999972e-03
4.599999999999999922e-03
6.799999999999999621e-03
7.799999999999999642e-03
8.399999999999999481e-03
3.200000000000000153e-03
4.199999999999999740e-03
3.799999999999999992e-03
5.199999999999999761e-03
7.080000000000000182e-02
5.400000000000000286e-03
7.199999999999999456e-02
4.799999999999999580e-03
7.839999999999999747e-02
8.000000000000000167e-03
5.759999999999999842e-02
7.799999999999999642e-03
4.000000000000000083e-03
1.099999999999999936e-02
2.200000000000000133e-03
2.500000000000000139e-02
3.000000000000000062e-03
6.000000000000000125e-03
1.859999999999999848e-02
1.480000000000000066e-02
2.860000000000000042e-02
2.599999999999999881e-03
6.000000000000000125e-03
3.399999999999999811e-03
9.799999999999999684e-03
5.000000000000000104e-03
2.460000000000000034e-02
1.799999999999999864e-02
2.599999999999999881e-03
2.199999999999999872e-02
2.399999999999999790e-03
5.199999999999999761e-03
1.919999999999999832e-02
6.000000000000000125e-03
5.599999999999999943e-03
1.700000000000000122e-02
4.199999999999999740e-03
2.879999999999999921e-02
2.399999999999999790e-03
5.599999999999999943e-03
4.199999999999999740e-03
6.400000000000000307e-03
9.799999999999999684e-03
3.399999999999999811e-03
2.399999999999999790e-03
3.520000000000000212e-02
4.599999999999999922e-03
4.199999999999999740e-03
2.799999999999999972e-03
3.200000000000000153e-03
