5.324413802518856986e-03
1.003447216628553830e-02
8.259667565445919304e-03
1.484692310317758251e-02
6.826171541690843024e-03
1.808935458548073180e-02
9.795556162326359353e-03
1.587084883443120806e-02
3.959179494180688728e-03
1.907914945902590420e-02
1.426669852213386172e-02
6.996825830233113948e-03
8.942284719615004734e-03
2.634902215092665284e-02
1.836240144714836736e-02
1.092187446670534780e-02
2.136591692549233770e-02
2.385746953820949354e-02
5.870507525854124636e-03
1.351581965254786827e-02
7.372265265026109807e-03
4.095702925014505641e-03
8.737499573364278932e-03
9.385985869824909483e-03
9.863817877743267376e-03
1.150209904774907033e-02
1.423256766442540684e-02
3.815829891805180840e-02
1.092187446670534780e-02
8.635107000238916031e-03
2.368681524966722435e-02
1.542714768422130504e-02
1.406191337588313592e-02
1.160449162087443323e-02
5.938769241271033526e-03
1.259428649441960563e-02
2.095634663299088610e-02
1.122905218608143650e-02
1.187753848254206705e-02
1.887436431277517840e-02
2.064916891361480086e-02
1.672412027714256441e-02
1.290146421379569260e-02
1.040991160107853503e-02
2.286767466466432461e-02
2.877231304822690239e-02
9.624901873784088430e-03
1.064882760503771397e-02
7.338134407317655795e-03
4.778320079183590204e-03
2.948906106010443923e-02
4.948974367725861127e-03
1.085361275128843977e-02
1.511996996484521634e-02
1.426669852213386172e-02
1.256015563671115075e-02
3.481347486262329968e-03
2.075156148674016029e-02
3.044472507594115848e-02
1.590497969213966467e-02
1.361821222567323117e-02
1.126318304378988965e-02
1.529062425338748726e-02
2.252636608757977929e-02
1.238950134816887982e-02
1.314038021775487154e-02
7.201610976483838883e-03
9.693163589200996452e-03
9.897948735451722255e-03
7.201610976483838883e-03
6.518993822314755188e-03
4.505273217515956378e-03
9.249462438991091703e-03
1.092187446670534780e-02
1.235537049046042495e-02
