1.003701147983187929e-02
4.391192522426447947e-03
4.391192522426447947e-03
5.288250423436421932e-02
5.834012922652280497e-03
1.317357756727934211e-02
4.372373125901762858e-02
7.025908035882316195e-03
6.712251427137569913e-03
5.018505739915939644e-03
4.805219245969512276e-02
6.003387491374443524e-02
2.948372122200614703e-02
4.453923844175396510e-03
5.645818957405432208e-03
6.586788783639671054e-03
5.520356313907534215e-03
1.252744495326516549e-01
1.599648704598205864e-02
6.210400853145976209e-03
6.335863496643874201e-03
2.076406749890220144e-02
8.970579010099743317e-03
6.379775421868139063e-02
9.535160905840285583e-03
6.210400853145976209e-03
5.206699705162787933e-03
1.762750141145473862e-02
4.140267235430650228e-03
4.742487924220563367e-02
7.465027288124960470e-03
6.335863496643874201e-03
3.450222696192208668e-03
6.712251427137569913e-03
5.112602722539363875e-02
2.019948560316165917e-02
4.328461200677498517e-03
3.701147983188005954e-03
6.210400853145976209e-03
3.199297409196411816e-03
5.187880308638102844e-02
4.479016372874976282e-02
3.901888212784643262e-02
5.206699705162787933e-03
3.362398845743679726e-02
8.656922401354997035e-03
9.786086192836083303e-03
2.559437927357129453e-02
3.952073270183802806e-03
1.430274135876042838e-02
