7.031571252341572986e-02
3.230227989217343554e-02
2.471786905468999901e-02
2.659112715310458369e-02
3.221090144834833774e-02
2.787042536665600406e-03
7.767167725133641452e-04
8.224059944259148880e-04
1.046283181797414037e-02
1.032576415223648673e-02
4.340476081692328479e-03
3.243934755791108918e-03
4.203408415954676576e-03
3.335313199616210620e-03
2.188513729611184580e-02
6.565541188833554087e-02
8.406816831909353152e-03
5.985288070544158255e-03
7.310275506008132723e-03
2.924110202403253176e-03
2.403253072600173776e-02
1.279298213551423183e-03
1.649380911043085013e-02
3.335313199616210620e-03
5.391328185680998274e-03
8.086992278521496977e-03
5.482706629506099976e-04
4.112029972129574440e-03
1.101110248092474972e-02
1.261022524786402886e-02
6.853383286882624428e-04
7.812856947046191436e-03
8.680952163384657392e-04
1.507744323114177439e-03
1.238177913830127395e-02
1.064558870562434291e-02
7.904235390871292705e-03
7.744323114177364964e-02
5.939598848631607404e-04
5.939598848631607404e-04
7.365102572303193484e-02
4.431854525517430615e-03
5.711152739068853582e-03
8.452506053821903786e-03
5.117192854205692733e-03
7.721478503221090167e-03
2.352994928496367558e-02
5.345638963768446772e-03
4.934435966555489328e-03
5.848220404806506352e-03
6.030977292456709757e-03
5.848220404806506352e-03
2.832731758578151474e-03
2.819024992004386110e-02
8.224059944259148880e-04
2.905834513638232836e-02
2.330150317540092327e-03
2.193082651802439990e-03
5.482706629506099976e-04
8.132681500434047611e-03
3.645999908621556235e-02
3.198245533878557958e-04
4.345045003883583890e-02
7.447343171745785494e-03
2.056014986064787220e-02
3.856170329419290194e-02
2.695664092840499137e-03
4.294786859779777845e-03
1.507744323114177439e-03
5.619774295243752313e-03
2.234202951523735561e-02
6.624937177319870606e-03
7.127518618357929318e-03
2.371270617261388158e-02
2.604285649015397434e-03
