1.998057444151519341e-02
2.719578187872901190e-02
9.657277646732342902e-02
9.504648258637435343e-02
2.497571805189399176e-03
6.105175523796309289e-03
6.535312890245593975e-02
1.332038296101012952e-02
8.422367143055363436e-02
1.082281115582072947e-02
1.012904120993478492e-02
2.775079783543776910e-03
5.480782572498959365e-02
4.162619675315665582e-03
9.851533231580408487e-03
9.712779242403218535e-03
1.859303454974330430e-02
1.359789093936450595e-02
7.215207437213820227e-03
4.995143610378798352e-03
1.456916886360482867e-02
2.344942417094491444e-02
9.574025253226030319e-03
1.928680449562925059e-02
2.358817816012210439e-02
9.157763285694463934e-03
2.636325794366587826e-03
4.995143610378798352e-03
1.040654918828916309e-02
9.296517274871652151e-03
8.741501318162897549e-03
1.484667684195920684e-02
1.123907312335229586e-02
3.163590953239905912e-02
7.215207437213820227e-03
2.400444012765367077e-02
3.330095740252532466e-02
1.859303454974330430e-02
1.942555848480643924e-03
7.215207437213820227e-03
4.162619675315665582e-03
3.704731511030941865e-02
8.047731372276952996e-03
7.076453448036631143e-03
2.497571805189399349e-02
1.831552657138892787e-02
2.802830581379214814e-02
6.937699458859442059e-03
3.052587761898154645e-03
1.970306646316081697e-02
