5.199999999999999761e-03
1.299999999999999940e-02
7.359999999999999876e-02
2.560000000000000123e-02
2.520000000000000018e-02
2.120000000000000009e-02
2.259999999999999856e-02
4.400000000000000265e-03
1.080000000000000057e-02
3.599999999999999901e-03
7.400000000000000328e-03
3.399999999999999811e-03
1.000000000000000021e-02
8.200000000000000691e-03
5.639999999999999875e-02
3.399999999999999811e-03
2.000000000000000042e-03
7.199999999999999803e-03
5.599999999999999943e-03
6.000000000000000125e-03
3.799999999999999992e-03
4.599999999999999922e-03
3.200000000000000153e-03
3.599999999999999901e-03
6.799999999999999621e-03
1.000000000000000021e-02
7.399999999999999634e-02
5.199999999999999761e-03
4.799999999999999580e-03
4.199999999999999740e-03
6.000000000000000125e-03
5.199999999999999761e-03
7.000000000000000146e-03
7.019999999999999851e-02
2.019999999999999921e-02
3.599999999999999728e-02
3.000000000000000062e-03
3.200000000000000153e-03
1.839999999999999969e-02
2.599999999999999881e-03
9.199999999999999845e-03
5.000000000000000104e-03
1.940000000000000058e-02
3.000000000000000062e-03
3.620000000000000301e-02
2.000000000000000042e-03
3.000000000000000062e-03
8.200000000000000691e-03
2.740000000000000074e-02
3.599999999999999901e-03
2.299999999999999961e-02
3.980000000000000204e-02
1.799999999999999951e-03
1.739999999999999880e-02
1.499999999999999944e-02
6.000000000000000125e-03
2.000000000000000042e-03
1.799999999999999951e-03
7.000000000000000146e-03
6.000000000000000125e-03
2.079999999999999905e-02
8.000000000000000167e-03
2.399999999999999790e-03
7.000000000000000146e-03
1.700000000000000122e-02
3.599999999999999901e-03
1.679999999999999896e-02
3.200000000000000153e-03
3.799999999999999992e-03
4.799999999999999580e-03
3.399999999999999811e-03
3.740000000000000269e-02
9.599999999999999159e-03
1.519999999999999997e-02
3.399999999999999811e-03
