3.262028730945360812e-03
2.258327582962172970e-03
4.767580452920142792e-03
7.697133178596073100e-02
4.202998557179599831e-02
3.387491374443259672e-03
3.124019823097672760e-02
7.841415218618657049e-03
3.324760052694310242e-03
1.041339941032557587e-02
3.450222696192208668e-03
2.038767956840850659e-02
1.116617527131296729e-02
7.715952575120758189e-03
1.298538360203249468e-02
4.077535913681701665e-03
3.512954017941158098e-03
6.837714070635467906e-03
2.007402295966376118e-03
2.885640800451665534e-03
2.321058904711122400e-03
8.405997114359199315e-03
3.738786776237375264e-02
3.826610626685904380e-03
4.516655165924345940e-03
1.700018819396524605e-02
1.311084624553039354e-02
4.265729878928549088e-03
5.269431026911737363e-03
3.763879304936954689e-02
2.760178156953767108e-03
4.077535913681701665e-03
1.380089078476883467e-02
2.948372122200614964e-03
4.516655165924345940e-03
6.210400853145976209e-03
3.575685339690107094e-03
7.715952575120758189e-03
2.948372122200614964e-03
5.062417665140204331e-02
4.466470108525186916e-02
5.169060912113418449e-02
3.575685339690107094e-03
5.394893670409635356e-03
4.748761056395458396e-02
1.060159337557242329e-02
4.704849131171193362e-03
3.011103443949563960e-03
5.143968383413838504e-03
2.634715513455868682e-03
2.132864939464274544e-03
1.649833761997365408e-02
1.976036635091901403e-02
3.324760052694310242e-03
3.042469104824038761e-02
3.826610626685904380e-03
2.321058904711122400e-03
4.403738786776237313e-02
1.285992095853459583e-02
4.140267235430650228e-03
6.837714070635467906e-03
7.088639357631265625e-03
4.140267235430650228e-03
3.826610626685904380e-03
2.195596261213223627e-02
4.830311774669092222e-03
3.073834765698513390e-03
7.025908035882316195e-03
2.063860485540430431e-02
5.206699705162787933e-03
8.405997114359199315e-03
5.131422119064048964e-02
8.155071827363403331e-03
2.070133617715325114e-03
3.374945110093469786e-02
