6.001660538488910041e-02
2.846637409559957255e-02
1.768473490689123351e-01
3.332937967026450288e-02
3.605740718775946041e-02
5.550942948641916785e-02
1.411457715573478759e-02
2.656861582255960058e-02
3.000830269244455020e-02
3.890404459731941489e-02
5.598386905467916258e-02
3.890404459731941489e-02
1.076977819950183796e-01
1.257264855888981167e-02
4.163207211481437242e-02
9.014351796939865102e-03
3.475269837504448012e-02
4.412287984817933606e-02
1.921480251452971008e-02
1.458901672399478058e-02
2.158700035582967677e-02
1.447040683192978364e-02
4.388566006404934217e-02
3.261772031787450732e-02
9.132961689004863784e-03
