7.199999999999999803e-03
1.700000000000000122e-02
7.499999999999999722e-02
4.320000000000000229e-02
3.280000000000000276e-02
4.000000000000000083e-02
3.839999999999999664e-02
8.999999999999999320e-03
8.600000000000000006e-03
4.000000000000000083e-03
1.099999999999999936e-02
7.400000000000000328e-03
5.000000000000000104e-03
7.599999999999999985e-03
4.220000000000000140e-02
7.599999999999999985e-03
4.400000000000000265e-03
5.000000000000000104e-03
4.000000000000000083e-03
3.000000000000000062e-03
8.880000000000000393e-02
8.759999999999999731e-02
1.060000000000000005e-02
8.999999999999999320e-03
4.799999999999999580e-03
2.680000000000000090e-02
3.599999999999999901e-03
2.460000000000000034e-02
5.599999999999999943e-03
2.719999999999999848e-02
8.800000000000000530e-03
7.599999999999999985e-03
4.540000000000000285e-02
1.420000000000000082e-02
1.039999999999999952e-02
1.159999999999999920e-02
3.420000000000000123e-02
1.020000000000000073e-02
1.018000000000000016e-01
1.519999999999999997e-02
3.200000000000000153e-03
3.200000000000000153e-03
7.199999999999999803e-03
5.799999999999999600e-03
8.600000000000000006e-03
4.799999999999999580e-03
1.060000000000000005e-02
2.280000000000000082e-02
5.199999999999999761e-03
8.200000000000000691e-03
