4.199999999999999740e-03
1.700000000000000122e-02
7.220000000000000029e-02
2.639999999999999986e-02
2.259999999999999856e-02
2.840000000000000163e-02
2.259999999999999856e-02
4.400000000000000265e-03
8.600000000000000006e-03
2.399999999999999790e-03
5.000000000000000104e-03
5.199999999999999761e-03
9.799999999999999684e-03
5.220000000000000334e-02
6.000000000000000125e-03
5.000000000000000104e-03
3.000000000000000062e-03
4.199999999999999740e-03
5.199999999999999761e-03
2.399999999999999790e-03
2.799999999999999972e-03
5.799999999999999600e-03
7.000000000000000146e-03
4.000000000000000083e-03
7.839999999999999747e-02
6.400000000000000307e-03
7.599999999999999985e-03
5.000000000000000104e-03
4.599999999999999922e-03
4.799999999999999580e-03
1.340000000000000045e-02
5.000000000000000104e-03
2.019999999999999921e-02
5.059999999999999915e-02
5.599999999999999943e-03
1.039999999999999952e-02
8.200000000000000691e-03
5.400000000000000286e-03
1.779999999999999985e-02
5.599999999999999943e-03
8.000000000000000167e-03
4.039999999999999841e-02
6.800000000000000488e-02
4.000000000000000083e-03
2.520000000000000018e-02
3.799999999999999992e-03
4.799999999999999580e-03
3.000000000000000062e-03
2.520000000000000018e-02
2.200000000000000133e-03
2.000000000000000042e-03
4.599999999999999922e-03
1.619999999999999912e-02
7.199999999999999803e-03
1.720000000000000001e-02
2.399999999999999790e-03
4.400000000000000265e-03
1.399999999999999986e-03
6.199999999999999782e-03
1.000000000000000021e-02
1.980000000000000163e-02
5.439999999999999697e-02
6.799999999999999621e-03
1.700000000000000122e-02
2.040000000000000147e-02
1.200000000000000025e-02
8.999999999999999320e-03
4.599999999999999922e-03
5.799999999999999600e-03
2.799999999999999972e-03
2.200000000000000133e-03
6.000000000000000125e-03
3.599999999999999901e-03
2.000000000000000042e-03
2.000000000000000042e-03
