5.733984095020307724e-03
5.529198948769582789e-03
1.378886651421550209e-02
1.744086828902010472e-02
9.556640158367180407e-03
7.850097272944469434e-03
2.078569234444861691e-02
3.549609201679237991e-03
1.163862247858288637e-02
3.481347486262329968e-03
1.460800709921840357e-02
1.744086828902010472e-02
9.488378442950270650e-03
1.945458889381890266e-02
1.573432540359739201e-02
2.416464725758558224e-02
2.317485238404040984e-02
4.914843510017407116e-03
1.191166934025052020e-02
8.123144134612103259e-03
9.659032731492541574e-03
6.928564114816205058e-03
5.631591521894944823e-03
1.546127854192975819e-02
2.665619987030274154e-02
1.184340762483361217e-02
1.576845626130584516e-02
5.358544660227311865e-03
2.730468616676337210e-02
1.290146421379569260e-02
4.539404075224410390e-03
1.413017509130004394e-02
1.638281170005802256e-02
1.621215741151574991e-02
1.122905218608143650e-02
2.962558449093825874e-02
1.242363220587733297e-02
1.112665961295607360e-02
1.737260657360319496e-02
1.665585856172565465e-02
1.235537049046042495e-02
1.559780197276357597e-02
2.508618041571384835e-02
3.266323082699068570e-02
1.276494078296187655e-02
1.177514590941670415e-02
1.474453053005221961e-02
1.457387624150994869e-02
1.409604423359159080e-02
1.283320249837878457e-02
1.389125908734086499e-02
1.460800709921840357e-02
1.167275333629134125e-02
1.860131745110754631e-02
1.023925731253626410e-02
1.395952080275777302e-02
2.378920782279258725e-02
9.147069865865728802e-03
1.436909109525922462e-02
1.163862247858288637e-02
1.477866138776067449e-02
7.713573842110652522e-03
8.908153861906549856e-03
6.280077818355575374e-03
1.651933513089183861e-02
9.727294446909451331e-03
6.757909826273934134e-03
4.812450936892044215e-03
6.348339533772483397e-03
6.518993822314755188e-03
4.880712652308952237e-03
2.184374893341069560e-02
1.385712822963241012e-02
1.099013618212225755e-02
1.607563398068193386e-02
