7.214102001129163617e-03
3.450222696192208668e-03
4.328461200677498517e-03
5.733642807853961409e-02
5.143968383413838504e-03
4.303368671977918919e-02
5.294523555611316962e-02
7.370930305501537105e-02
6.524057461890721624e-03
1.279718963678564726e-02
7.025908035882316195e-03
2.929552725675929961e-02
3.638416661439056524e-03
8.907847688350793020e-03
1.687472555046734893e-02
1.104071262781506774e-01
5.708550279154381638e-03
5.771281600903331067e-03
5.771281600903331067e-03
1.631014365472680666e-02
6.210400853145976209e-03
2.170503732513644202e-02
9.284235618844489599e-03
2.973464650900194475e-02
1.863120255943792603e-02
6.900445392384417509e-02
7.402295966376011907e-03
5.143968383413838504e-03
5.470171256508374324e-02
9.096041653597640442e-03
5.520356313907534215e-03
7.465027288124960470e-03
7.339564644627062477e-03
3.262028730945360812e-03
3.701147983188005954e-03
1.072705601907032215e-02
5.244338498212157418e-02
4.202998557179599658e-03
1.913305313342952146e-02
4.704849131171193362e-03
1.304811492378144325e-02
3.763879304936954950e-03
4.165359764130230347e-02
5.143968383413838504e-03
3.023649708299354019e-02
4.905589360767831364e-02
3.011103443949563960e-03
4.328461200677498517e-03
3.136566087447462386e-03
2.101499278589799916e-02
