7.183195104085442380e-03
1.401195623921929964e-02
5.581153564424281427e-02
5.099123366650126082e-02
2.412513881997117166e-02
3.927128375983554576e-02
2.343989981333144401e-02
1.486259776470310288e-02
4.215401337397509801e-02
1.106542851066846245e-01
7.372226554192953633e-03
3.738096925876042281e-02
8.442617140426739164e-02
3.478178681978214004e-02
6.349093830486046697e-02
2.419602561376148903e-02
5.429928404338271730e-02
1.008719075636208967e-01
3.442735285083056013e-02
2.528295645187968177e-02
2.525932752061624265e-02
4.569835306349093879e-02
1.646936509061695114e-02
4.529666123201247369e-02
1.824153493537487153e-02
