3.308050376881453442e-03
7.750289454407977008e-03
2.714964202169135865e-02
3.298598804376078053e-02
7.017792585241369382e-03
3.199357293069634428e-02
7.466742279246709260e-03
5.198364877956569881e-03
1.772169844757921428e-02
7.613241653080031479e-02
3.142647858037380879e-03
7.584886935563904878e-03
1.798161669147704464e-02
9.168025330214314012e-03
9.687861818009971260e-03
7.797547316934855255e-03
5.718201365752227129e-03
3.303324590628765878e-02
9.687861818009971260e-03
8.624559911155217640e-03
6.828761135133858129e-03
1.155454738782164814e-02
5.505540984381276752e-03
3.946031520994305007e-03
1.261784929467640176e-02
1.814701921032111850e-02
4.182320833628695375e-03
8.789962429999291504e-03
4.111434039838378005e-03
1.599678646534817214e-02
9.900522199380921637e-03
8.293754873467073380e-03
1.259422036341296264e-02
1.013681151201531114e-02
1.011318258075187201e-02
2.154958531225632801e-02
2.636988728999787451e-02
5.032962359112497751e-03
1.996644691760591714e-02
1.396469837669242139e-02
7.962949835778927385e-03
5.103849152902814254e-03
6.835849814512889866e-02
9.806006474327166877e-03
9.522459299165899130e-03
1.715460409725668225e-02
5.883603884596300126e-03
9.475201436639020883e-03
1.540606318376219926e-02
1.909217646085867651e-02
2.306183691311641804e-02
9.215283192741192259e-03
2.395973630112710126e-02
2.315635263817017453e-02
4.087805108574938881e-03
1.160180525034852639e-02
7.939320904515488261e-03
9.262541055268070506e-03
7.514000141773587507e-03
1.290139646983766951e-02
1.108196876255286914e-02
8.789962429999291504e-03
7.159566172822003256e-03
1.486259776470310288e-02
1.084567944991847964e-02
5.552798846908154132e-03
1.079842158739160313e-02
3.969660452257744131e-03
6.899647928924174632e-03
1.727274875357387440e-02
8.955364948843363634e-03
8.411899529784267263e-03
9.758748611800288630e-03
1.257059143214952351e-02
3.851515795940549814e-03
