1.082281115582072947e-02
1.512418482031358327e-02
8.852504509504648122e-02
6.438185097821562397e-02
1.387539891771888455e-03
4.856389621201609268e-03
1.276536700430137318e-02
4.301373664492853799e-03
6.646316081587345936e-02
3.607603718606910113e-03
4.023865686138476498e-03
1.803801859303455057e-03
2.747328985708339180e-02
1.526293880949077322e-03
4.301373664492853799e-03
6.105175523796309289e-03
6.382683502150686590e-03
6.105175523796309289e-03
2.636325794366587826e-03
2.775079783543776910e-03
7.353961426391008444e-03
6.798945469682252975e-03
5.827667545441931121e-03
7.770223393922575696e-03
9.851533231580408487e-03
4.578881642847231967e-03
1.803801859303455057e-03
1.803801859303455057e-03
3.468849729429721029e-03
2.913833772720965561e-03
4.578881642847231967e-03
7.076453448036631143e-03
6.105175523796309289e-03
1.345913695018731773e-02
3.191341751075343295e-03
1.345913695018731773e-02
1.748300263632579510e-02
7.215207437213820227e-03
1.526293880949077322e-03
5.133897599555987436e-03
1.942555848480643924e-03
1.928680449562925059e-02
5.133897599555987436e-03
6.382683502150686590e-03
1.276536700430137318e-02
8.463993339808519381e-03
1.567920077702233961e-02
4.995143610378798352e-03
2.636325794366587826e-03
5.411405577910364736e-03
5.272651588733175652e-03
2.983210767309560016e-02
5.411405577910364736e-03
4.162619675315665582e-03
1.248785902594699588e-03
4.578881642847231967e-03
1.026779519911197487e-02
3.746357707784098764e-03
9.712779242403219620e-04
7.631469404745386612e-03
5.730539753017899196e-02
3.468849729429721029e-03
1.845428056056611782e-02
2.220063826835021441e-03
6.105175523796309289e-03
6.382683502150686590e-03
3.191341751075343295e-03
7.215207437213820227e-03
3.191341751075343295e-03
3.330095740252532379e-03
1.068405716664354126e-02
5.272651588733175652e-03
3.982239489385319686e-02
1.248785902594699588e-03
2.913833772720965561e-03
1.776051061468017153e-02
3.052587761898154645e-03
9.990287220757596703e-03
4.856389621201609268e-03
6.243929512973498373e-03
1.054530317746635130e-02
1.387539891771888455e-03
4.717635632024421051e-03
2.067434438740113622e-02
4.023865686138476498e-03
5.550159567087553820e-03
1.345913695018731773e-02
1.026779519911197487e-02
1.526293880949077322e-03
7.353961426391008444e-03
6.382683502150686590e-03
4.162619675315665582e-03
2.469821007353961359e-02
3.746357707784098764e-03
1.110031913417510721e-03
1.415290689607326229e-02
1.415290689607326229e-02
4.578881642847231967e-03
9.019009296517275717e-03
3.191341751075343295e-03
