3.308050376881453442e-03
4.205949764892133631e-03
2.714964202169135865e-02
2.443231492639588026e-02
5.741830297015666253e-03
2.431417027007868464e-02
5.600056709435032379e-03
3.213534651827697815e-03
1.772169844757921428e-02
5.458283121854398678e-02
3.142647858037380879e-03
6.970534722714492003e-03
1.618581791545568513e-02
6.238037853547884377e-03
4.394981214999645752e-03
5.269251671746887251e-03
4.867559840268424753e-03
1.512251600860093151e-02
5.481912053117837628e-03
8.411899529784267263e-03
6.828761135133858129e-03
1.155454738782164814e-02
3.331679308144892566e-03
3.213534651827697815e-03
1.212164173814418364e-02
1.273599395099359738e-02
1.843056638548238408e-03
4.867559840268424753e-03
1.583138394650410001e-03
1.259422036341296264e-02
7.159566172822003256e-03
8.270125942203634256e-03
9.002622811370241881e-03
7.584886935563904878e-03
8.837220292526169751e-03
1.483896883343966376e-02
1.656388081567070764e-02
3.355308239408331689e-03
1.710734623472980401e-02
1.146003166276789338e-02
2.339264195080456316e-03
2.433779920134212377e-03
2.880366721013208689e-02
8.270125942203634256e-03
7.348597622929514510e-03
1.422461662059025002e-02
4.347723352472767505e-03
7.301339760402637130e-03
1.200349708182698975e-02
1.323220150752581377e-02
2.147869851846601064e-02
8.860849223789607140e-03
2.395973630112710126e-02
2.315635263817017453e-02
2.906358545402991378e-03
1.160180525034852639e-02
7.939320904515488261e-03
9.002622811370241881e-03
6.308924647338200881e-03
1.278325181352047389e-02
9.097138536423998376e-03
8.789962429999291504e-03
7.041421516504808506e-03
1.486259776470310288e-02
9.238912124004631382e-03
4.347723352472767505e-03
1.079842158739160313e-02
3.969660452257744131e-03
6.214408922284445254e-03
1.365752227026771626e-02
8.955364948843363634e-03
8.270125942203634256e-03
8.577302048628341127e-03
1.257059143214952351e-02
3.851515795940549814e-03
2.599182438978284940e-03
8.057465560832683879e-03
5.292880603010325508e-03
1.852508211053614101e-02
8.388270598520828139e-03
8.199239148413316886e-03
2.835471751612674441e-03
3.095389995510503065e-03
1.724911982231043658e-03
1.843056638548238408e-03
1.240518891330545138e-02
7.348597622929514510e-03
9.144396398950874888e-03
6.946905791451052879e-03
8.364641667257390750e-03
1.701283050967604751e-03
3.686113277096476817e-03
2.551924576451407127e-03
1.540606318376219926e-02
1.403558517048273876e-02
2.882729614139552254e-03
2.433779920134212377e-03
4.709246000803383320e-02
2.022636516150374403e-02
5.458283121854398505e-03
