5.823745700391412539e-02
3.214328074961451953e-02
1.820661843197722563e-01
3.558296761949946568e-02
3.831099513699442322e-02
3.155023128928952786e-02
2.099395089550468510e-02
2.656861582255960058e-02
9.607401257264855041e-03
2.917803344798956117e-02
2.301031906060965401e-02
4.032736330209939213e-02
4.447870952437433384e-02
3.724350610840944376e-02
1.232356778555331461e-01
1.399596726366979065e-02
1.233542877475981431e-02
4.317400071165935355e-02
2.111256078756968205e-02
1.447040683192978364e-02
4.946032499110426112e-02
2.158700035582967677e-02
1.031906060965484540e-02
4.139485233068437853e-02
3.961570394970940351e-02
