4.328461200677498517e-03
2.634715513455868682e-03
4.642117809422244799e-03
6.147669531397026432e-02
4.767580452920142792e-02
3.387491374443259672e-03
2.848002007402295963e-02
3.324760052694310242e-03
5.959475566150178490e-03
8.280534470861300456e-03
3.262028730945360812e-03
1.116617527131296729e-02
1.066432469732137185e-02
7.653221253371808759e-03
1.806662066369738376e-02
3.575685339690107094e-03
4.899316228592936334e-02
3.512954017941158098e-03
7.402295966376011907e-03
2.948372122200614964e-03
2.007402295966376118e-03
3.262028730945360812e-03
3.952073270183802806e-03
1.311084624553039354e-02
1.028793676682767701e-02
4.767580452920142792e-03
4.491562637224766341e-02
4.328461200677498517e-03
5.269431026911737363e-03
1.424001003701147981e-02
2.697446835204817678e-03
2.571984191706919252e-03
6.411141082742613517e-02
5.012232607741044788e-02
2.697446835204817678e-03
4.830311774669092222e-03
7.151370679380214188e-03
6.210400853145976209e-03
3.575685339690107094e-03
3.450222696192208668e-03
4.893043096418041651e-03
9.848817514585031865e-03
2.226961922087698428e-02
5.457624992158584785e-03
1.135436923655981471e-02
3.952073270183802806e-03
5.394893670409635356e-03
4.704849131171193362e-03
4.441377579825606797e-02
3.387491374443259672e-03
3.011103443949563960e-03
1.624741233297785636e-02
3.324760052694310242e-03
4.108901574556175773e-02
2.258327582962172970e-03
1.361269681952198725e-02
2.848002007402295963e-02
4.140267235430650228e-03
1.279718963678564726e-02
3.575685339690107094e-03
9.284235618844489599e-03
4.077535913681701665e-03
5.645818957405432208e-03
3.889341948434853376e-03
7.465027288124960470e-03
2.264600715137067913e-02
2.070133617715325114e-03
4.830311774669092222e-03
4.152813499780440287e-02
2.070133617715325114e-03
5.959475566150178490e-03
4.987140079041465363e-02
3.745059908412270294e-02
7.778683896869706751e-03
1.022520544507872844e-02
