3.567968620779282066e-03
6.261666784811322634e-03
3.511259185747028777e-02
6.474327166182273878e-03
2.235296897521325127e-02
2.629900049620755714e-02
7.608515866827343134e-03
1.798161669147704464e-02
5.316509534273764631e-03
7.355686302308546420e-02
4.962075565322180380e-03
8.270125942203634256e-03
1.672928333451478150e-02
7.726660523144537884e-03
7.750289454407977008e-03
5.883603884596300126e-03
5.954490678386616630e-03
1.264147822593984088e-02
3.213534651827697902e-02
7.466742279246709260e-03
7.206824035348881503e-03
1.427187448311712827e-02
1.200349708182698975e-02
1.382292478911178839e-02
7.750289454407977008e-03
5.411025259327520258e-03
4.276836558682451002e-03
8.033836629569244756e-03
8.435528461047706386e-03
6.049006403440372256e-03
8.931736017579924511e-03
2.072257271803596215e-02
1.049124548096689626e-02
6.876018997660735509e-03
1.075116372486472488e-02
7.466742279246709260e-03
2.036813874908437877e-02
1.424824555185368914e-02
7.135937241558563959e-02
1.294865433236454776e-02
1.391744051416554488e-02
1.495711348975685764e-02
4.253207627419011878e-03
1.819427707284799675e-02
6.899647928924174632e-03
5.647314571961909759e-03
8.033836629569244756e-03
2.490489355166465926e-02
2.455045958271307241e-02
9.546088230429338253e-03
1.918669218591242953e-02
8.600930979891780251e-03
1.122374235013350388e-02
8.411899529784267263e-03
9.286169986531509629e-03
6.214408922284445254e-03
1.212164173814418364e-02
1.625670470924600250e-02
4.371352283736206629e-03
4.158691902365256252e-03
9.333427849058387876e-03
2.088797523688003602e-02
1.084567944991847964e-02
1.190898135677323326e-02
9.144396398950874888e-03
1.828879279790174978e-02
8.789962429999291504e-03
7.324968691666076254e-03
1.299591219489142427e-02
1.911580539212211563e-02
8.033836629569244756e-03
8.199239148413316886e-03
8.695446704945535010e-03
9.546088230429338253e-03
2.067531485550908391e-02
