3.355308239408331689e-03
4.158691902365256252e-03
2.627537156494411802e-02
2.398336523239054038e-02
5.009333427849058627e-03
2.308546584437985716e-02
4.938446634058741257e-03
2.929987476666430501e-03
2.504666713924529053e-02
5.158195694808723891e-02
3.119018926773942189e-03
6.261666784811322634e-03
1.439001913943432388e-02
6.167151059757567007e-03
6.143522128494127883e-03
4.607641596370596129e-03
5.907232815859738383e-03
2.171498783110039840e-02
4.938446634058741257e-03
5.411025259327520258e-03
7.632144798090782258e-03
1.176720776919260025e-02
1.141277380024101513e-02
3.969660452257744131e-03
5.363767396800642878e-03
3.567968620779282066e-03
1.540606318376219926e-02
1.309042791994518076e-02
6.238037853547884377e-03
1.913943432338555345e-03
1.037310082464970064e-02
1.583138394650409828e-02
8.033836629569244756e-03
4.702157321424351756e-03
6.285295716074761757e-03
2.859100682876113565e-03
5.174735946693130757e-03
1.899766073580492001e-02
1.216889960067106188e-02
8.813591361262730628e-03
3.946031520994305007e-03
4.040547246048061501e-03
3.738096925876042281e-02
9.451572505375581759e-03
2.859100682876113565e-03
1.318494364499893726e-02
5.930861747123177506e-03
1.233430211951513401e-02
5.434654190590959381e-03
2.431417027007868464e-02
6.734245410080102502e-03
9.593346092956214766e-03
9.309798917794948753e-03
2.275466080669171290e-02
7.230452966612319760e-03
1.098745303749911438e-02
9.333427849058387876e-03
4.040547246048061501e-03
2.102974882446066816e-03
3.922402589730866751e-03
1.155454738782164814e-02
7.017792585241369382e-03
9.191654261477753135e-03
1.101108196876255350e-02
9.546088230429338253e-03
1.628033364050943815e-02
6.568842891236029505e-03
6.994163653977930259e-03
1.176720776919260025e-02
1.313768578247205901e-02
8.813591361262730628e-03
6.049006403440372256e-03
1.809976134779424026e-02
1.094019517497223613e-02
7.443113347983271004e-03
9.120767467687435764e-03
7.206824035348881503e-03
1.370478013279459450e-02
5.144018336050660417e-02
4.914817702795303000e-03
3.662484345833038127e-03
1.743815127241794827e-02
1.724911982231043658e-03
3.095389995510503065e-03
2.977245339193308315e-03
2.551924576451407127e-03
1.169632097540228288e-02
5.718201365752227129e-03
2.039176768034781789e-02
2.882729614139552254e-03
9.238912124004631382e-03
4.182320833628695375e-03
6.899647928924174632e-03
1.094019517497223613e-02
1.795798776021360595e-03
6.119893197230689627e-03
9.357056780321825265e-03
2.599182438978284940e-03
5.812717090805982756e-03
2.599182438978284940e-03
