1.017099559711935608e-02
1.365234308338168605e-02
2.116113177924161190e-02
2.532509641967302730e-02
1.791870029693846261e-02
7.440526980443018697e-03
5.870507525854124636e-03
1.805522372777227866e-02
2.771425645926482023e-02
1.860131745110754631e-02
1.870371002423290921e-02
1.139970647462370743e-02
2.081982320215707005e-02
2.730468616676337210e-02
2.286767466466432461e-02
3.750981262159117785e-02
1.477866138776067449e-02
4.024028123826751957e-02
1.116079047066452848e-02
3.549609201679237991e-02
1.409604423359159080e-02
1.081948189357998490e-02
1.365234308338168605e-02
1.013686473941090120e-02
2.337963753029113564e-02
2.252636608757977929e-02
6.826171541690843024e-03
1.750913000443701101e-02
2.191201064882760535e-02
1.706542885422710626e-02
3.245844568073995989e-02
1.716782142735246916e-02
2.525683470425611754e-02
2.344789924570804540e-02
3.996723437659988054e-02
2.109287006382470561e-02
7.235741834192292894e-03
3.000102392573125373e-02
1.525649339567903412e-02
2.013720604798798636e-02
2.300419809549814065e-02
4.047919724222669852e-02
1.604150312297348072e-02
1.983002832861189765e-02
1.757739171985392077e-02
1.856718659339909316e-02
1.180927676712515730e-02
1.689477456568483707e-02
1.399365166046622790e-02
2.566640499675756915e-02
