3.607603718606910113e-03
1.054530317746635130e-02
9.046760094352712667e-02
8.630498126821145588e-02
4.578881642847231967e-03
1.665047870126266190e-03
7.340086027473290142e-02
7.229082836131538181e-02
3.885111696961287848e-03
3.052587761898154645e-03
3.468849729429721029e-03
1.942555848480643924e-03
6.798945469682252975e-03
2.220063826835021441e-03
4.995143610378798352e-03
2.719578187872901190e-02
3.607603718606910113e-03
1.581795476619952956e-02
1.581795476619952956e-02
8.741501318162897549e-03
6.382683502150686590e-03
1.054530317746635130e-02
3.468849729429721029e-03
4.717635632024421051e-03
1.248785902594699588e-03
4.162619675315665582e-03
2.497571805189399176e-03
2.220063826835021441e-03
1.193284306923824041e-02
3.468849729429721029e-03
3.468849729429721029e-03
4.023865686138476498e-03
2.081309837657832791e-03
9.712779242403219620e-04
4.995143610378798352e-03
6.105175523796309289e-03
3.191341751075343295e-03
9.712779242403218535e-03
1.845428056056611782e-02
8.186485361454141213e-03
5.688913556264742905e-03
1.762175662550298158e-02
4.301373664492853799e-03
2.497571805189399176e-03
2.913833772720965561e-03
3.746357707784098764e-03
4.856389621201609268e-03
1.526293880949077322e-03
1.248785902594699588e-03
3.052587761898154645e-03
2.525322603024836993e-02
2.317191619259053800e-02
2.067434438740113622e-02
7.353961426391008444e-03
4.162619675315665582e-03
2.455945608436242711e-02
4.717635632024421051e-03
2.317191619259053800e-02
1.387539891771888455e-03
6.382683502150686590e-03
9.712779242403218535e-03
5.550159567087553820e-03
9.296517274871652151e-03
3.191341751075343295e-03
2.497571805189399176e-03
3.607603718606910113e-03
2.025808241986956984e-02
4.023865686138476498e-03
3.468849729429721029e-03
6.105175523796309289e-03
1.692798667961703876e-02
4.162619675315665582e-03
8.880255307340085766e-03
6.105175523796309289e-03
1.165533509088386224e-02
9.990287220757596703e-03
7.770223393922575696e-03
4.162619675315665582e-03
4.162619675315665582e-03
1.110031913417510721e-03
3.746357707784098764e-03
1.248785902594699588e-03
1.110031913417510721e-03
4.301373664492853799e-03
3.024836964062716654e-02
3.885111696961287848e-03
1.526293880949077322e-03
1.803801859303455057e-03
1.040654918828916309e-02
5.550159567087553604e-04
6.660191480505064758e-03
5.688913556264742905e-03
5.550159567087553604e-04
4.717635632024421051e-03
2.220063826835021441e-03
7.908977383099764780e-03
4.440127653670042883e-03
1.012904120993478492e-02
1.373664492854169590e-02
1.942555848480643924e-03
