2.352424565585596941e-02
9.911548836333982163e-03
8.656922401354997035e-03
1.775923718712753285e-01
9.083495389247851770e-02
9.284235618844489599e-03
6.887899128034627450e-02
1.097798130606611813e-02
3.400037638793049211e-02
2.666081174330343223e-02
1.060159337557242329e-02
6.793802145411204085e-02
4.786399849444827881e-02
1.743930744620789119e-02
9.183865504046170858e-02
1.700018819396524605e-02
9.553980302364971366e-02
1.467912928925412495e-02
3.745059908412270294e-02
8.845116366601844457e-03
8.029609183865504471e-03
8.594191079606046738e-03
6.461326140141773061e-03
7.465027288124960470e-02
3.274574995295150698e-02
