1.234910503676980680e-02
5.272651588733175826e-02
9.282641875953934196e-02
9.879284029415845436e-02
6.243929512973498373e-03
3.330095740252532379e-03
9.074510892188150657e-02
8.616622727903426593e-02
8.602747328985707598e-03
2.775079783543776910e-03
1.484667684195920684e-02
1.179408908006105219e-02
4.162619675315665582e-03
7.908977383099764780e-03
4.856389621201609268e-03
1.484667684195920684e-02
5.272651588733175652e-03
1.068405716664354126e-02
3.024836964062716654e-02
1.970306646316081697e-02
2.331067018176772448e-02
7.076453448036631143e-03
2.677951991119744551e-02
2.122936034410989256e-02
1.359789093936450595e-02
4.856389621201609268e-03
2.664076592202025903e-02
6.937699458859442059e-03
4.717635632024421051e-03
2.497571805189399176e-03
8.325239350631331164e-03
4.342999861246010784e-02
7.770223393922575696e-03
9.435271264048842102e-03
1.332038296101012952e-02
9.712779242403218535e-03
8.047731372276952996e-03
1.373664492854169590e-02
1.387539891771888412e-02
2.081309837657832618e-02
2.913833772720965561e-03
1.068405716664354126e-02
7.770223393922575696e-03
1.345913695018731773e-02
9.157763285694463934e-03
2.733453586790620185e-02
3.038712362980435649e-02
6.382683502150686590e-03
2.455945608436242711e-02
2.358817816012210525e-03
