5.562803937848416480e-02
3.131301150515952703e-02
1.167121337919582447e-01
3.285494010200450815e-02
5.883050646423911706e-02
5.657691851500415425e-02
1.613094532083975824e-02
2.395919819712964000e-02
3.107579172102953313e-02
5.705135808326414204e-02
5.728857786739414287e-02
3.807377535286442932e-02
1.630886015893725505e-01
4.412287984817933606e-02
1.209820899062981868e-02
3.831099513699442322e-02
9.963230933459851085e-03
3.985292373383940434e-02
3.356659945439449677e-02
1.470762661605977926e-02
1.411457715573478759e-02
9.488791365199858094e-03
9.726011149329853722e-03
1.767287391768473589e-02
1.779148380974973284e-02
