7.466742279246709260e-03
1.372840906405803189e-02
5.422839724959239993e-02
3.948394414120649093e-02
2.450320172018619763e-02
4.357174924978143155e-02
2.443231492639588026e-02
1.306679898868174164e-02
4.515488764443183894e-02
1.110323480068996504e-01
7.017792585241369382e-03
3.019777415467498477e-02
8.669454880555751974e-02
3.343493773776612388e-02
5.290517709883982289e-02
6.339642257980671047e-02
1.008246497010940185e-01
2.504666713924529053e-02
2.641714515252475276e-02
2.748044705937950291e-02
1.975378653623496503e-02
2.606271118357316591e-02
5.569339098792561865e-02
3.915313910351835014e-02
2.925261690413742677e-02
