9.574025253226030319e-03
5.730539753017899196e-02
9.393645067295684770e-02
9.782156236991813858e-02
6.105175523796309289e-03
2.913833772720965561e-03
9.130012487859026638e-02
9.088386291105869652e-02
8.741501318162897549e-03
7.492715415568197528e-03
6.105175523796309289e-03
1.110031913417510764e-02
4.578881642847231967e-03
3.468849729429721029e-03
1.290412099347856313e-02
1.345913695018731773e-02
4.218121270986540522e-02
9.574025253226030319e-03
2.788955182461495819e-02
2.497571805189399349e-02
8.741501318162897549e-03
2.136811433328708251e-02
3.052587761898154645e-03
2.705702788955182542e-02
2.636325794366587826e-03
7.353961426391008444e-03
6.923824059941723064e-02
3.732482308866379855e-02
1.012904120993478492e-02
7.770223393922575696e-03
7.908977383099764780e-03
6.382683502150686590e-03
1.054530317746635130e-02
4.995143610378798352e-03
4.440127653670042883e-03
7.770223393922575696e-03
1.234910503676980680e-02
8.325239350631331164e-03
2.095185236575551613e-02
8.880255307340085766e-03
6.521437491327875674e-03
4.995143610378798352e-03
3.898987095879006409e-02
2.081309837657832791e-03
5.272651588733175652e-03
3.330095740252532379e-03
6.382683502150686590e-03
3.191341751075343295e-03
1.401415290689607407e-02
5.688913556264742905e-03
