9.535160905840285583e-03
3.073834765698513390e-03
3.889341948434853376e-03
4.573113355498400340e-02
5.896744244401229927e-03
1.298538360203249468e-02
4.083809045856596348e-02
6.774982748886519343e-03
5.959475566150178490e-03
8.280534470861300456e-03
4.453923844175396857e-02
4.742487924220563367e-02
3.136566087447462819e-02
3.575685339690107094e-03
6.524057461890721624e-03
7.465027288124960470e-03
1.110344394956401665e-01
4.391192522426447947e-03
1.210714509754720614e-02
5.834012922652280497e-03
7.025908035882316195e-03
5.903017376576124436e-02
1.737657612445894090e-02
1.141710055830876328e-02
8.719653723103945597e-03
4.911862492942726394e-02
1.844300859419107860e-02
5.394893670409635356e-03
2.001129163791481175e-02
8.092340505614453033e-03
5.206699705162787933e-03
4.704849131171193362e-03
2.183049996863433914e-02
3.324760052694310242e-03
6.774982748886519343e-03
1.844300859419107860e-02
5.005959475566150452e-02
4.472743240700081252e-02
6.461326140141773061e-03
4.955774418166991081e-03
6.724797691487359452e-02
3.387491374443259672e-03
5.457624992158584785e-03
3.575685339690107094e-03
3.098927294398092988e-02
2.948372122200614964e-03
3.387491374443259672e-03
4.435104447650711768e-02
1.085251866256822101e-02
3.945800138008907776e-02
