9.296517274871652151e-03
2.247814624670459172e-02
9.005133897599555681e-02
9.046760094352712667e-02
6.105175523796309289e-03
4.301373664492853799e-03
9.088386291105869652e-02
9.060635493270431662e-02
7.908977383099764780e-03
8.880255307340085766e-03
6.521437491327875674e-03
1.803801859303455143e-02
3.746357707784098764e-03
4.995143610378798352e-03
4.828638823366171451e-02
1.401415290689607407e-02
1.318162897183293956e-02
2.594699597613431274e-02
2.886082974885528091e-02
2.553073400860274636e-02
1.304287498265575135e-02
9.157763285694463934e-03
1.304287498265575135e-02
9.851533231580408487e-03
2.913833772720965561e-03
1.443041487442764045e-02
3.468849729429721029e-03
7.076453448036631143e-03
6.382683502150686590e-03
4.273622866657416502e-02
5.133897599555987436e-03
1.012904120993478492e-02
1.526293880949077322e-02
1.012904120993478492e-02
1.332038296101012952e-02
6.798945469682252975e-03
1.040654918828916309e-02
8.325239350631331164e-03
5.133897599555987436e-03
6.660191480505064758e-03
3.635354516442347583e-02
2.220063826835021441e-03
5.688913556264742905e-03
1.887054252809768420e-02
3.746357707784098851e-02
2.109060635493270261e-02
2.122936034410989256e-02
7.770223393922575696e-03
6.382683502150686590e-03
1.942555848480643707e-02
