5.529198948769582789e-03
8.942284719615004734e-03
1.003447216628553830e-02
1.754326086214546415e-02
9.351855012116454605e-03
5.768114952728761735e-03
6.450732106897846298e-03
8.157274992320556403e-03
1.791870029693846261e-02
1.382299737192395697e-02
2.170722550257687955e-02
3.822656063346871816e-03
2.532509641967302730e-02
1.430082937984231486e-02
6.894433257107751047e-03
8.498583569405099986e-03
2.191201064882760535e-02
1.201406191337588310e-02
1.054643503191235281e-02
2.549575070821529649e-02
1.160449162087443323e-02
9.624901873784088430e-03
4.027441209597597618e-03
7.986620703778285479e-03
6.723778968565480123e-03
2.559814328134065939e-02
1.256015563671115075e-02
3.856786921055326261e-03
1.259428649441960563e-02
1.621215741151574991e-02
1.849892487798218341e-02
1.283320249837878457e-02
1.511996996484521634e-02
1.477866138776067449e-02
1.464213795692685671e-02
3.549609201679237991e-03
1.204819277108433798e-02
2.628076043550974308e-02
1.218471620191815402e-02
3.041059421823270534e-02
1.703129799651865312e-02
1.894262602819208816e-02
6.621386395440117222e-03
3.177582852657086926e-02
1.634868084234956942e-02
2.518857298883921125e-02
9.761425304617904475e-03
1.194580019795897508e-02
2.116113177924161190e-02
1.648520427318338546e-02
1.570019454588893887e-02
1.109252875524761872e-02
1.938632717840199290e-02
1.238950134816887982e-02
9.590771016075633551e-03
1.187753848254206705e-02
7.713573842110652522e-03
6.484862964606300309e-03
8.225536707737466161e-03
1.150209904774907033e-02
2.344789924570804540e-02
1.911328031673436081e-02
6.723778968565480123e-03
7.099218403358475982e-03
9.863817877743267376e-03
1.423256766442540684e-02
1.017099559711935608e-02
8.123144134612103259e-03
1.911328031673436081e-02
1.238950134816887982e-02
1.157036076316597835e-02
6.757909826273934134e-03
8.566845284822008008e-03
1.604150312297348072e-02
1.238950134816887982e-02
