1.875666520293582662e-02
8.155071827363403331e-03
1.085251866256822101e-02
1.018129351985446324e-01
9.409698262342386724e-03
7.264287058528323682e-02
8.613010476130732174e-02
7.759864500345022009e-02
1.110344394956401699e-02
2.139138071639169400e-02
1.141710055830876328e-02
9.861363778934821578e-02
1.147983188005771357e-02
2.019948560316165917e-02
5.758735336553541528e-02
1.770905212972837262e-01
1.907032181168057117e-02
9.096041653597640442e-03
1.442820400225832723e-02
3.883068816259958866e-02
8.029609183865504471e-03
4.159086631955335317e-02
1.511824854149677010e-02
4.090082178031491378e-02
1.869393388118687632e-02
