3.355308239408331689e-03
7.797547316934855255e-03
3.215897544954041815e-02
3.277332766238982842e-02
4.111434039838378005e-03
5.103849152902814254e-03
3.749911391507761843e-02
3.560879941400250243e-02
7.376952340445641632e-02
9.829635405590606001e-03
4.465868008789962255e-03
5.411025259327520258e-03
7.750289454407977008e-03
1.578412608397722003e-02
8.506415254838023757e-03
1.129462914392381952e-02
3.352945346281987343e-02
6.781503272606979882e-03
3.686113277096476817e-03
6.828761135133858129e-03
1.415372982679993438e-02
5.670943503225348882e-03
2.197490607499822876e-03
7.939320904515488261e-03
3.686113277096476817e-03
8.482786323574584633e-03
1.625670470924600250e-02
8.860849223789607140e-03
2.029725195529406140e-02
2.024999409276718315e-02
1.068027693107440751e-02
4.087805108574938881e-03
2.523569858935280352e-02
6.616100753762906884e-03
2.112426454951442378e-02
2.570827721462158252e-02
3.757000070886793754e-03
7.055598875262872327e-02
1.668202547198790325e-02
1.639847829682663377e-02
6.876018997660735509e-03
5.458283121854398505e-03
9.498830367902460006e-03
1.023132723706906763e-02
1.247607570709576875e-02
6.001748540913494877e-03
1.464993738333215251e-02
1.148366059403133251e-02
1.058576120602065102e-02
1.954112615486401638e-02
1.238155998204201226e-02
5.080220221639375131e-03
1.490985562722998113e-02
7.017792585241369382e-03
3.213534651827697815e-03
1.550057890881595402e-02
1.542969211502563665e-02
8.766333498735852381e-03
5.032962359112497751e-03
3.355308239408331689e-03
8.128352354623001250e-03
1.169632097540228288e-02
1.245244677583232963e-02
5.411025259327520258e-03
1.396469837669242139e-02
1.082205051865504052e-02
1.134188700645069776e-02
1.661113867819758588e-02
8.624559911155217640e-03
2.386522057607334563e-03
2.223482431889605565e-02
7.159566172822003256e-03
7.088679379031686753e-03
3.827886864677110691e-03
6.072635334703811380e-03
