2.761204384626057828e-02
1.202997086166227303e-01
1.043429998612460108e-01
9.879284029415845436e-02
8.325239350631331164e-03
1.401415290689607407e-02
9.074510892188150657e-02
9.574025253226030319e-02
1.928680449562925059e-02
1.276536700430137318e-02
2.303316220341334805e-02
2.539198001942555988e-02
8.463993339808519381e-03
3.385597335923407752e-02
1.484667684195920684e-02
3.219092548910781199e-02
1.526293880949077322e-02
3.135840155404467922e-02
3.066463160815873293e-02
4.190370473151103226e-02
4.814763424448453150e-02
1.512418482031358327e-02
4.495629249340918343e-02
2.442070209518523716e-02
1.845428056056611782e-02
