9.488378442950270650e-03
1.273080992525342167e-02
2.003481347486262346e-02
2.481313355404621279e-02
1.559780197276357597e-02
9.010546435031912757e-03
1.774804600839618995e-02
4.423359159015666231e-02
1.679238199255947417e-02
6.587255537731663210e-03
2.665619987030274154e-02
1.634868084234956942e-02
7.986620703778285479e-03
2.808969589405781869e-02
2.645141472405201574e-02
2.655380729717737864e-02
1.249189392129424273e-02
4.225400184306631751e-02
1.095600532441380268e-02
1.989829004402880741e-02
1.634868084234956942e-02
1.703129799651865312e-02
7.747704699819106533e-03
1.252602477900269587e-02
1.897675688590054130e-02
6.348339533772483397e-03
3.559848458991774628e-02
2.501791870029693859e-02
2.105873920611624900e-02
1.791870029693846261e-02
2.570053585446602229e-02
2.512031127342230150e-02
2.075156148674016029e-02
2.423290897300249200e-02
1.508583910713676320e-02
4.317553500119458015e-02
1.621215741151574991e-02
2.232158094132905696e-02
2.447182497696167094e-02
2.665619987030274154e-02
1.204819277108433798e-02
2.269702037612205195e-02
5.495068091061128777e-03
3.764633605242499736e-02
2.160483292945151665e-02
2.600771357384211099e-02
1.860131745110754631e-02
2.034199119423871216e-02
1.348168879483941512e-02
5.051366940851223161e-03
