5.153759513976586062e-03
8.805761288781186955e-03
1.249189392129424273e-02
9.795556162326359353e-03
6.109423529813304450e-03
4.539404075224410390e-03
8.566845284822008008e-03
1.532475511109594214e-02
8.600976142530461152e-03
3.003515478343970774e-03
1.252602477900269587e-02
5.699853237311853713e-03
3.344824055428513056e-03
2.187787979111915221e-02
1.549540939963821307e-02
1.023925731253626410e-02
9.010546435031912757e-03
2.170722550257687955e-02
4.675927506058227302e-03
5.153759513976586062e-03
9.795556162326359353e-03
7.338134407317655795e-03
4.471142359807502367e-03
4.539404075224410390e-03
9.112939008157275658e-03
1.979589747090344364e-03
1.634868084234956942e-02
1.102426703983071070e-02
7.577050411276835609e-03
7.986620703778285479e-03
1.116079047066452848e-02
1.279907164067032969e-02
7.713573842110652522e-03
1.225297791733506204e-02
4.914843510017407116e-03
2.535922727738148044e-02
6.655517253148571233e-03
1.116079047066452848e-02
1.477866138776067449e-02
1.607563398068193386e-02
8.362060138571282206e-03
1.477866138776067449e-02
4.744189221475135325e-03
2.580292842759138519e-02
1.771391515068773681e-02
1.802109287006382551e-02
1.225297791733506204e-02
1.522236253797057924e-02
8.498583569405099986e-03
3.549609201679237991e-03
1.023925731253626410e-02
1.385712822963241012e-02
1.877197173964981897e-02
7.338134407317655795e-03
1.822587801631455132e-02
5.665722379603399701e-03
8.635107000238916031e-03
1.177514590941670415e-02
8.054882419195195237e-03
1.375473565650704721e-02
8.908153861906549856e-03
5.392675517935765876e-03
1.225297791733506204e-02
4.129833782722959652e-03
6.962694972524659937e-03
9.522509300658725528e-03
1.119492132837298162e-02
6.553124680023209199e-03
1.197993105566742822e-02
1.068295846274616885e-02
1.389125908734086499e-02
6.518993822314755188e-03
9.795556162326359353e-03
5.768114952728761735e-03
4.812450936892044215e-03
7.338134407317655795e-03
9.932079593160175399e-03
8.669237857947370909e-03
9.385985869824909483e-03
8.839892146489641833e-03
1.215058534420969914e-02
1.013686473941090120e-02
1.358408136796477629e-02
7.679442984402197643e-03
4.778320079183590204e-03
9.863817877743267376e-03
3.515478343970783980e-03
1.139970647462370743e-02
8.635107000238916031e-03
1.078535103587153175e-02
8.089013276903648381e-03
1.924980374756817686e-02
6.416601249189392286e-03
1.552954025734666794e-02
1.191166934025052020e-02
5.119628656268132051e-03
1.030751902795317212e-02
4.368749786682139466e-03
9.522509300658725528e-03
3.993310351889142740e-03
