5.408611078163919061e-02
3.558296761949946568e-02
1.853872612975922263e-01
3.155023128928952786e-02
3.570157751156446263e-02
3.178745107341952175e-02
9.726011149329853722e-03
3.226189064167951648e-02
3.071996204483453882e-02
3.451547859091447928e-02
3.166884118135452481e-02
3.866682481318942100e-02
5.645830862293915037e-02
9.868343019807851446e-02
1.328430791127980029e-02
4.103902265448938769e-02
1.209820899062981868e-02
4.092041276242438380e-02
4.412287984817933606e-02
3.688767643221444598e-02
1.731704424148974159e-02
1.458901672399478058e-02
9.132961689004863784e-03
2.075673111137468774e-02
4.305539081959435660e-02
