3.202814456069812826e-02
3.490656554118883037e-02
4.262804404440992401e-02
2.558596427102846280e-02
2.604285649015397434e-03
2.727646548179284494e-02
7.767167725133641452e-04
8.224059944259148880e-04
9.411979713985470578e-03
5.619774295243752313e-03
1.530588934070452843e-02
8.086992278521496977e-03
2.512907205190295732e-03
5.025814410380591464e-03
2.645405948736693005e-02
7.995613834696395361e-02
7.995613834696395708e-03
2.604285649015397434e-03
2.522045049572805772e-02
3.746516196829168064e-03
9.868871933110978656e-03
5.574085073331200811e-03
4.477543747429981250e-03
3.061177868140905513e-03
1.973774386622195731e-02
3.152556311966007215e-03
8.452506053821903786e-03
2.010325764152236586e-03
1.096541325901219995e-03
1.640243066660574886e-02
4.431854525517430615e-03
7.401653949833233992e-03
6.396491067757115916e-04
1.142230547813770630e-03
1.187919769726321524e-02
1.123954859048750463e-02
8.680952163384657392e-04
3.234796911408598791e-02
3.243934755791108918e-03
7.054415863297848477e-02
3.974962306391922537e-03
6.442180289669667201e-03
6.122355736281811026e-03
1.644811988851829776e-03
5.893909626719056986e-03
4.705989856992735289e-03
7.995613834696395708e-03
3.792205418741718698e-03
9.137844382510165904e-04
7.310275506008132723e-03
1.599122766939278925e-03
2.234202951523735561e-02
4.303924704162288145e-02
4.614611413167634020e-03
4.345045003883583890e-02
2.284461095627541259e-03
4.751679078905285923e-03
6.853383286882624645e-03
6.213734180106913162e-03
3.536345776031434018e-02
3.271348288938639298e-02
8.680952163384657392e-04
5.482706629506099976e-04
3.929273084479371035e-03
2.279892173436286543e-02
2.654543793119203132e-02
3.198245533878557958e-04
1.964636542239685518e-03
7.036140174532828050e-03
3.198245533878557958e-04
3.381002421528761254e-03
8.246904555215424371e-02
9.549047379723122481e-03
4.294786859779777845e-03
7.812856947046191436e-03
