1.546580161739845583e-01
6.793987298396308994e-02
6.825969753735093570e-02
7.264586284095582436e-02
7.328551194773152977e-02
5.071503632293142098e-03
5.665463517156302947e-03
1.964636542239685518e-03
2.467217983277744664e-02
2.426097683556448920e-02
3.358157810572486024e-02
1.046283181797414037e-02
1.736190432676931392e-02
2.065152830447297347e-02
3.010919724037099815e-02
9.411979713985470578e-03
1.706035546214647869e-01
1.498606478731667226e-02
9.229222826335268040e-03
3.202814456069812826e-02
5.103486087631927542e-02
3.303330744277425263e-02
4.815643989582857332e-02
1.247315758212637696e-02
8.452506053821903786e-03
