6.416601249189392286e-03
1.256015563671115075e-02
2.440356326154476119e-02
1.860131745110754631e-02
1.406191337588313592e-02
8.600976142530461152e-03
1.307211850233796352e-02
1.337929622171405222e-02
1.607563398068193386e-02
2.064916891361480086e-02
2.826035018260008788e-02
1.023925731253626410e-02
2.747534045530564129e-02
2.443769411925321780e-02
3.713437318679818633e-02
1.276494078296187655e-02
2.655380729717737864e-02
1.075122017816307687e-02
1.716782142735246916e-02
2.249223522987132615e-02
1.955698146694426556e-02
2.099047749069934271e-02
7.986620703778285479e-03
3.112734223011024218e-02
2.481313355404621279e-02
7.338134407317655795e-03
1.150209904774907033e-02
2.297006723778968404e-02
7.781835557527560544e-03
2.631489129321819970e-02
2.204853407966142140e-02
2.733881702447182524e-02
3.822656063346872163e-02
2.703163930509573654e-02
1.754326086214546415e-02
3.204887538823850829e-02
3.682719546742209416e-02
2.491552612717157569e-02
1.013686473941090120e-02
3.034233250281579558e-02
2.341376838799958879e-02
1.508583910713676320e-02
7.474657838151472708e-03
3.198061367282159506e-02
1.641694255776647571e-02
1.194580019795897508e-02
1.948871975152735581e-02
3.539369944366702048e-02
7.747704699819106533e-03
1.911328031673436081e-02
