1.116617527131296729e-02
8.092340505614453033e-03
1.060159337557242329e-02
1.994228718399096711e-01
8.475001568283044295e-02
1.091524998431716957e-02
8.550279154381783264e-02
1.072705601907032215e-02
3.274574995295150698e-02
6.988269242832946537e-02
1.179348848880245985e-02
2.183049996863433914e-02
1.104071262781506843e-02
8.700834326579261202e-02
7.063546828931685506e-02
2.038767956840850659e-02
1.461639796750517466e-02
1.060159337557242329e-02
7.465027288124960470e-03
5.727369675679066380e-02
1.007465027288124981e-01
1.110344394956401699e-02
7.841415218618657049e-03
2.283420111661752655e-02
2.101499278589799916e-02
