2.200000000000000133e-03
1.559999999999999928e-02
4.259999999999999898e-02
2.100000000000000130e-02
2.520000000000000018e-02
2.259999999999999856e-02
2.380000000000000171e-02
5.199999999999999761e-03
6.199999999999999782e-03
6.400000000000000307e-03
2.399999999999999790e-03
4.000000000000000083e-03
1.779999999999999985e-02
2.799999999999999972e-03
3.799999999999999992e-03
4.400000000000000265e-03
2.200000000000000133e-03
2.399999999999999790e-03
6.000000000000000125e-03
2.239999999999999977e-02
7.000000000000000146e-03
3.599999999999999901e-03
4.599999999999999922e-03
6.279999999999999472e-02
2.799999999999999972e-03
3.839999999999999664e-02
1.399999999999999986e-03
5.400000000000000286e-03
1.099999999999999936e-02
4.400000000000000265e-03
5.199999999999999761e-03
4.199999999999999740e-03
2.200000000000000133e-03
8.999999999999999320e-03
4.799999999999999580e-03
3.799999999999999992e-03
4.199999999999999740e-03
5.260000000000000092e-02
4.799999999999999580e-03
3.399999999999999811e-03
3.399999999999999811e-03
6.199999999999999782e-03
1.859999999999999848e-02
7.599999999999999985e-03
8.999999999999999320e-03
6.199999999999999782e-03
1.600000000000000077e-03
1.600000000000000077e-03
1.199999999999999895e-03
2.399999999999999790e-03
1.400000000000000029e-02
2.900000000000000147e-02
1.400000000000000029e-02
2.399999999999999790e-03
1.439999999999999961e-02
4.400000000000000265e-03
2.960000000000000131e-02
1.299999999999999940e-02
1.260000000000000009e-02
5.000000000000000104e-03
1.340000000000000045e-02
5.799999999999999600e-03
2.599999999999999881e-03
3.799999999999999992e-03
2.620000000000000107e-02
2.000000000000000042e-03
3.799999999999999992e-03
8.000000000000000167e-03
3.200000000000000153e-03
8.200000000000000691e-03
2.599999999999999881e-03
2.819999999999999937e-02
5.199999999999999761e-03
3.200000000000000153e-03
1.399999999999999986e-03
3.000000000000000062e-03
1.399999999999999986e-03
1.420000000000000082e-02
2.000000000000000042e-03
1.799999999999999951e-03
3.980000000000000204e-02
1.559999999999999928e-02
7.599999999999999985e-03
3.599999999999999901e-03
4.400000000000000265e-03
1.880000000000000074e-02
7.400000000000000328e-03
2.599999999999999881e-03
1.159999999999999920e-02
4.199999999999999740e-03
4.499999999999999833e-02
5.400000000000000286e-03
1.799999999999999951e-03
6.199999999999999782e-03
1.399999999999999986e-03
3.599999999999999901e-03
4.199999999999999740e-03
1.399999999999999986e-03
1.600000000000000077e-03
3.000000000000000062e-03
