1.931806546298508315e-02
2.945493020239598608e-02
3.392607256220348672e-02
3.122973480323560508e-02
3.174169766886241612e-02
3.573500802075155885e-02
1.897675688590054130e-02
4.935322024642479349e-02
4.430185330557356860e-02
5.324413802518856986e-02
5.979726270521178166e-02
6.880780914024368922e-02
2.088808491757397981e-02
6.474623707293764019e-02
4.286835728181849492e-02
3.218539881907232086e-02
2.812382675176627184e-02
2.901122905218608133e-02
6.580429366189972928e-02
3.092255708385951637e-02
5.167411857059967667e-02
2.204853407966142140e-02
4.003549609201679377e-02
6.778388340899006714e-02
2.802143417864090894e-02
