5.458283121854398505e-03
7.514000141773587507e-03
3.284421445618014579e-02
3.825523971550767038e-02
9.026251742633681005e-03
3.754637177760449668e-02
8.837220292526169751e-03
5.600056709435032379e-03
4.149240329859880255e-02
7.483282531131116300e-02
4.962075565322180380e-03
1.351574868268708152e-02
2.237659790647669039e-02
1.150728952529477163e-02
1.720186195978356050e-02
1.630396257177287728e-02
1.124737128139694300e-02
3.435646605704024276e-02
1.294865433236454776e-02
9.404314642848703512e-03
1.008955364948843289e-02
2.277828973795515202e-02
2.854374896623425653e-02
1.008955364948843289e-02
1.195623921930011151e-02
7.797547316934855255e-03
4.581649771980813440e-02
2.124240920583161940e-02
1.708371730346636488e-02
4.442239077526523132e-03
2.178587462489071577e-02
3.007962949835778915e-02
1.866685569811677575e-02
1.753266699747170476e-02
1.439001913943432388e-02
6.190779991021006130e-03
8.648188842418656763e-03
5.238534061104416217e-02
2.592093759599253464e-02
2.022636516150374403e-02
8.411899529784267263e-03
5.127478084166253378e-03
6.913825287682237586e-02
1.320857257626237638e-02
4.560383733843717882e-03
1.781621417263297077e-02
8.978993880106802758e-03
2.145506958720257151e-02
9.144396398950874888e-03
3.126107606152973839e-02
