7.186914606844245490e-02
2.517476127381550535e-02
3.006350801845844578e-02
2.969799424315803810e-03
4.875039978069173330e-02
3.257641522364874281e-02
7.310275506008132940e-04
9.594736601635674416e-04
7.355964727920683358e-03
1.873258098414584032e-03
1.160506236578791144e-02
2.558596427102846366e-03
4.020651528304473171e-03
5.665463517156302947e-03
2.531182893955315899e-02
2.056014986064787220e-03
8.027596290035181326e-02
7.401653949833233992e-03
1.142230547813770630e-03
2.403253072600173776e-02
8.635262941472106324e-03
9.320601270160369309e-03
2.448942294512724410e-02
3.106867090053456581e-03
5.619774295243752313e-03
2.147393429889888922e-03
8.498195275734454421e-03
5.711152739068853582e-03
8.680952163384657392e-04
2.741353314753049771e-03
6.213734180106913162e-03
2.855576369534426964e-02
1.142230547813770630e-03
6.853383286882624428e-04
1.096541325901219995e-03
5.254260519943345503e-03
7.054415863297848477e-02
2.375839539452642962e-03
7.598117604057202934e-02
6.259423402019463796e-03
1.475761867775391735e-02
1.096541325901219908e-02
5.619774295243752313e-03
7.310275506008132940e-04
1.370676657376524886e-03
5.528395851418650177e-03
2.649974870927948069e-03
4.614611413167634020e-03
2.421528761365194030e-03
2.101704207977338288e-03
2.193082651802439817e-02
5.482706629506099542e-03
2.540320738337826026e-02
6.807694064970073143e-03
6.716315621144971874e-03
2.695664092840499137e-03
6.624937177319870606e-03
3.335313199616210620e-03
4.331338237309818873e-02
2.540320738337826026e-02
1.416365879289075737e-03
1.078265637136199655e-02
6.213734180106913162e-03
3.906428473523095718e-02
3.198245533878557958e-04
5.162882076118243367e-03
4.203408415954676576e-03
4.523232969342531884e-03
3.929273084479371035e-03
2.823593914195641347e-02
7.767167725133641452e-04
3.837894640654269766e-03
2.741353314753049988e-04
9.731804267373326753e-03
2.741353314753049858e-02
