2.419999999999999929e-02
2.380000000000000171e-02
1.209999999999999964e-01
4.680000000000000132e-02
5.619999999999999996e-02
5.319999999999999729e-02
5.120000000000000245e-02
9.799999999999999684e-03
1.720000000000000001e-02
1.940000000000000058e-02
1.400000000000000029e-02
3.620000000000000301e-02
2.479999999999999913e-02
1.920000000000000040e-01
1.179999999999999973e-02
4.639999999999999680e-02
2.800000000000000058e-02
6.400000000000000307e-03
1.799999999999999864e-02
1.600000000000000033e-02
1.700000000000000122e-02
1.720000000000000001e-02
1.110000000000000014e-01
1.220000000000000077e-02
2.620000000000000107e-02
