4.893043096418041651e-03
2.446521548209020826e-03
4.328461200677498517e-03
1.900759048993162434e-02
3.638416661439056524e-03
3.682328586663320691e-02
2.791543817828241736e-02
4.058716517157016229e-02
3.136566087447462386e-03
6.335863496643874201e-03
3.575685339690107094e-03
1.135436923655981471e-02
3.638416661439056524e-03
7.214102001129163617e-03
1.687472555046734893e-02
7.427388495075591679e-02
4.077535913681701665e-03
3.199297409196411816e-03
4.014804591932752235e-03
7.276833322878113047e-03
2.007402295966376118e-03
1.273445831503669697e-02
4.893043096418041651e-03
1.311084624553039354e-02
4.328461200677498517e-03
2.107772410764694945e-02
4.955774418166991081e-03
3.073834765698513390e-03
1.957217238567216661e-02
7.778683896869706751e-03
4.140267235430650228e-03
2.822909478702716104e-03
6.461326140141773061e-03
2.885640800451665534e-03
3.073834765698513390e-03
7.025908035882316195e-03
3.826610626685904293e-02
3.638416661439056524e-03
1.298538360203249468e-02
3.199297409196411816e-03
1.198168245404930728e-02
3.638416661439056524e-03
3.676055454488426355e-02
4.014804591932752235e-03
2.804090082178031448e-02
3.694874851013110750e-02
2.446521548209020826e-03
4.265729878928549088e-03
3.136566087447462386e-03
1.398908475001568209e-02
3.487861489241578239e-02
3.952073270183802806e-03
2.760178156953767108e-03
3.588231604039897327e-02
3.826610626685904380e-03
2.383790226460071396e-03
6.498964933191142546e-02
4.140267235430650228e-03
4.265729878928549088e-03
1.913305313342952146e-02
3.826610626685904380e-03
2.321058904711122400e-03
5.087510193839784450e-02
3.487861489241578239e-02
4.202998557179599658e-03
1.072705601907032215e-02
2.258327582962172970e-03
5.206699705162787933e-03
7.841415218618657049e-03
7.214102001129163617e-03
1.122890659306191585e-02
1.750203876795684149e-02
2.007402295966376118e-03
2.321058904711122400e-03
5.350981745185370841e-02
