7.867684013341252891e-02
6.752866998675012555e-02
6.643212866084891033e-02
4.386165303604879634e-02
2.741353314753049771e-03
5.921323159866587194e-02
8.680952163384657392e-04
1.324987435463974034e-03
1.987481153195961095e-02
1.868689176223328752e-02
6.122355736281811026e-03
7.447343171745785494e-03
1.370676657376524886e-03
6.899072508795175279e-03
2.649974870927948242e-02
7.986475990313884887e-02
1.041714259606158974e-02
7.767167725133641452e-04
1.247315758212637696e-02
4.893315666834193584e-02
5.117192854205692559e-02
2.421528761365194030e-02
4.203408415954676576e-03
3.609448531091515727e-03
9.731804267373326753e-03
4.751679078905285923e-03
6.899072508795175279e-03
6.899072508795175279e-03
1.320418513272718884e-02
9.731804267373326753e-03
3.335313199616210533e-02
9.320601270160369656e-02
1.018869648649883483e-02
1.873258098414584032e-03
1.690501210764380627e-03
7.634668981587243441e-02
2.649974870927948069e-03
4.477543747429981250e-03
5.482706629506099976e-04
1.096541325901219995e-03
1.082834559327454718e-02
8.498195275734454421e-03
1.594553844748023905e-02
5.391328185680998274e-03
7.036140174532828050e-03
2.741353314753049771e-03
3.609448531091515727e-03
8.086992278521496977e-03
1.494037556540412162e-02
3.061177868140905513e-03
