2.791611458856855729e-02
2.695664092840498877e-02
2.471786905468999901e-02
2.229634029332480324e-02
3.221090144834833774e-02
2.787042536665600406e-03
5.939598848631607404e-04
6.853383286882624428e-04
5.893909626719056986e-03
8.589573719559555690e-03
2.695664092840499137e-03
2.969799424315803810e-03
2.741353314753049771e-03
1.918947320327134883e-03
2.188513729611184580e-02
6.181751724768127371e-02
5.437017407593548908e-03
4.386165303604879981e-03
6.762004843057522509e-03
2.558596427102846366e-03
2.403253072600173776e-02
1.096541325901219995e-03
1.210764380682597015e-02
1.279298213551423183e-03
3.609448531091515727e-03
3.883583862566820401e-03
4.112029972129574440e-04
2.375839539452642962e-03
6.762004843057522509e-03
6.259423402019463796e-03
1.370676657376524994e-04
4.751679078905285923e-03
5.939598848631607404e-04
1.233608991638872332e-03
9.777493489285877387e-03
7.630100059395988898e-03
6.168044958194361660e-03
7.150363229314204983e-02
5.939598848631607404e-04
3.655137753004066470e-04
2.741353314753049858e-02
3.746516196829168064e-03
4.386165303604879981e-03
7.858546168958742070e-03
4.431854525517430615e-03
6.990450952620276548e-03
2.220496184949970198e-02
3.472380865353862957e-03
4.934435966555489328e-03
4.020651528304473171e-03
5.893909626719056986e-03
3.792205418741718698e-03
2.832731758578151474e-03
1.791017498971992500e-02
5.482706629506099976e-04
2.905834513638232836e-02
1.599122766939278925e-03
1.370676657376524886e-03
5.482706629506099976e-04
7.127518618357929318e-03
2.974368346507058961e-02
3.198245533878557958e-04
2.896696669255722709e-02
6.762004843057522509e-03
1.535157856261707907e-02
3.856170329419290194e-02
2.649974870927948069e-03
3.152556311966007215e-03
1.233608991638872332e-03
3.837894640654269766e-03
2.119979896742358455e-02
5.254260519943345503e-03
7.127518618357929318e-03
2.371270617261388158e-02
2.604285649015397434e-03
3.381002421528761254e-03
1.507744323114177439e-03
7.899666468680038856e-02
6.487869511582217835e-03
1.827568876502033181e-03
3.198245533878557958e-04
2.969799424315803810e-03
6.259423402019463796e-03
3.655137753004066470e-04
4.112029972129574440e-04
7.310275506008132940e-04
3.974962306391922537e-03
1.443779412436606291e-02
4.705989856992735289e-03
1.736190432676931392e-02
7.904235390871292705e-03
2.878420980490702108e-03
6.442180289669667201e-03
2.010325764152236586e-03
1.530588934070452843e-02
6.076666514369260391e-03
1.037145337414903910e-02
5.025814410380591464e-04
2.051446063873532330e-02
3.243934755791108918e-03
