4.983105225434315139e-03
7.235741834192292894e-03
5.597460664186490811e-03
1.058056588962080595e-02
7.167480118775384872e-03
3.822656063346871816e-03
4.505273217515956378e-03
5.358544660227311865e-03
1.221884705962660890e-02
1.109252875524761872e-02
1.249189392129424273e-02
6.655517253148571233e-03
1.692890542339329021e-02
1.774804600839618995e-02
8.293798423154374183e-03
1.467626881463531159e-02
7.815966415236014556e-03
1.474453053005221961e-02
5.904638383562578648e-03
1.610976483839039047e-02
4.163964640431413664e-03
5.733984095020307724e-03
5.085497798559678040e-03
6.109423529813304450e-03
1.068295846274616885e-02
1.249189392129424273e-02
2.764599474384791394e-03
5.972900098979487538e-03
1.006860302399399318e-02
5.768114952728761735e-03
1.610976483839039047e-02
7.952489846069832335e-03
1.296972592921260062e-02
9.147069865865728802e-03
2.447182497696167094e-02
1.099013618212225755e-02
3.105908051469333242e-03
1.522236253797057924e-02
7.099218403358475982e-03
1.105839789753916558e-02
2.119526263695006504e-02
2.003481347486262346e-02
9.590771016075633551e-03
1.447148366838458579e-02
1.139970647462370743e-02
1.085361275128843977e-02
7.065087545650021970e-03
1.307211850233796352e-02
7.679442984402197643e-03
1.877197173964981897e-02
1.481279224546912937e-02
1.040991160107853503e-02
1.679238199255947417e-02
2.099047749069934271e-02
8.805761288781186955e-03
6.587255537731663210e-03
9.761425304617904475e-03
6.143554387521758461e-03
1.740673743131164811e-02
5.324413802518856986e-03
1.348168879483941512e-02
5.699853237311853713e-03
1.177514590941670415e-02
1.962524318236117185e-02
8.396190996279737084e-03
1.249189392129424273e-02
8.327929280862827327e-03
1.119492132837298162e-02
5.119628656268132051e-03
1.078535103587153175e-02
3.413085770845421512e-03
7.679442984402197643e-03
8.054882419195195237e-03
5.153759513976586062e-03
2.628076043550974482e-03
9.863817877743267376e-03
2.047851462507252820e-02
5.733984095020307724e-03
1.075122017816307687e-02
3.959179494180688728e-03
4.437011502099047489e-03
6.382470391480938275e-03
1.559780197276357597e-02
6.962694972524659937e-03
7.406396122734564685e-03
1.088774360899689465e-02
1.368647394109013919e-02
7.611181268985289620e-03
6.041161814396395560e-03
6.382470391480938275e-03
9.590771016075633551e-03
9.932079593160175399e-03
9.112939008157275658e-03
6.792040683982388145e-03
1.269667906754496679e-02
1.153622990545752347e-02
6.280077818355575374e-03
8.839892146489641833e-03
1.273080992525342167e-02
1.040991160107853503e-02
