3.331679308144892566e-03
7.395855485456392757e-03
2.384159164480990564e-02
2.372344698849271002e-02
4.702157321424351756e-03
2.762222064696013765e-02
6.876018997660735509e-03
1.772169844757921688e-03
1.774532737884265340e-02
4.869922733394768666e-02
4.135062971101817128e-03
7.986578767042366508e-03
1.708371730346636488e-02
6.049006403440372256e-03
3.189905720564258692e-03
4.418610146263084876e-03
1.994281798634247801e-02
3.993289383521183254e-03
5.340138465537203755e-03
5.363767396800642878e-03
4.158691902365256252e-03
4.158691902365256252e-03
1.398832730795586052e-02
9.144396398950874888e-03
8.813591361262730628e-03
1.344486188889676588e-02
2.693698164032041001e-03
6.238037853547884377e-03
1.365752227026771626e-02
7.561258004300465754e-03
2.575553507714846251e-03
1.493348455849341852e-02
6.143522128494127883e-03
5.576427778171593255e-03
2.138418279341225414e-02
2.906358545402991378e-03
5.387396328064082002e-03
4.224852909902884757e-02
1.486259776470310288e-02
2.835471751612674441e-03
7.608515866827343134e-03
3.260792514354575629e-03
1.129462914392381952e-02
1.327945937005269202e-02
5.765459228279104509e-03
6.427069303655395631e-03
1.186172349424635501e-02
6.592471822499468628e-03
8.033836629569244756e-03
5.694572434488788006e-03
9.947780061907799884e-03
6.356182509865079128e-03
1.630396257177287728e-02
6.757874341343540758e-03
2.377070485101958827e-02
1.913943432338555345e-03
2.764584957822357504e-03
6.994163653977930259e-03
1.424824555185368914e-02
3.993289383521183254e-03
9.876893268117482513e-03
1.382292478911178839e-02
1.075116372486472488e-02
1.984830226128872152e-02
3.993289383521183254e-03
1.101108196876255350e-02
5.032962359112497751e-03
6.734245410080102502e-03
1.389381158290210576e-02
6.356182509865079128e-03
4.135062971101817128e-03
8.175610217149877762e-03
2.008459157392311189e-03
9.333427849058387876e-03
8.033836629569244756e-03
1.802887455400392289e-02
8.222868079676756009e-03
2.010822050518655188e-02
7.135937241558564133e-03
8.081094492096123003e-03
5.170010160440443453e-02
8.577302048628341127e-03
6.119893197230689627e-03
3.449823964462087316e-03
1.654025188440726721e-03
7.206824035348881503e-03
5.647314571961909759e-03
1.044398761844001801e-02
2.835471751612674441e-03
8.789962429999291504e-03
4.914817702795303000e-03
1.115285555634318651e-02
3.591597552042721190e-03
6.049006403440372256e-03
9.002622811370241881e-03
9.664232886746532136e-03
8.175610217149877762e-03
5.765459228279104509e-03
1.949386829233713814e-02
2.386522057607334563e-03
