2.846637409559957255e-02
1.565650575257976351e-02
6.843790772150397383e-02
9.014351796939865102e-03
2.123117067963468246e-02
1.791009370181472979e-02
1.423318704779978757e-03
2.372197841299964523e-03
8.184082552484877801e-03
8.421302336614873429e-03
2.609417625429961019e-03
1.174237931443482437e-02
6.167714387379907154e-03
1.447040683192978364e-02
1.696121456529474728e-02
3.558296761949946568e-03
2.016368165104969780e-03
8.895741904874866421e-03
1.779148380974973284e-03
1.648677499703475255e-02
1.186098920649982262e-03
1.269125845095481035e-02
3.321076977819950073e-03
8.895741904874866421e-03
3.914126438144940878e-03
1.245403866682481299e-02
2.016368165104969780e-03
6.167714387379907154e-03
6.997983631834895323e-03
6.760763847704898827e-03
2.490807733364962771e-03
6.167714387379907154e-03
1.114932985410983270e-02
3.498991815917447401e-02
1.304708812714980466e-02
2.443363776538963472e-02
4.388566006404933870e-03
1.304708812714980510e-03
2.502668722571462293e-02
4.507175898469932551e-03
6.997983631834895323e-03
1.672399478116474991e-02
4.151346222274937374e-03
9.488791365199857660e-04
8.777132012809867739e-03
6.404934171509903650e-03
2.455224765745463167e-02
8.895741904874866421e-03
2.609417625429961019e-03
3.558296761949946568e-03
3.688767643221444598e-02
3.060135215276954188e-02
4.863005574664926861e-03
1.186098920649982262e-03
4.863005574664926861e-03
9.607401257264855041e-03
4.388566006404933870e-03
1.779148380974973284e-03
4.151346222274937374e-03
1.280986834301980730e-02
1.541928596844976788e-02
9.844621041394852404e-03
2.490807733364962771e-03
1.518206618431977226e-02
3.914126438144940878e-03
6.049104495314909340e-03
3.107579172102953313e-02
1.269125845095481035e-02
3.676906654014944816e-03
4.388566006404933870e-03
3.261772031787450732e-02
3.914126438144940878e-03
1.079350017791483839e-02
2.123117067963468246e-02
2.016368165104969780e-03
2.253587949234966276e-03
1.743565413355473853e-02
6.049104495314909340e-03
5.693274819119915030e-03
3.676906654014944816e-03
5.100225358794923357e-03
3.439686869884948320e-03
9.370181473134859412e-03
2.028229154311469648e-02
2.372197841299964263e-02
2.728027517494959267e-03
3.202467085754951825e-03
5.456055034989918534e-03
5.456055034989918534e-03
2.965247301624955329e-03
3.439686869884948320e-03
9.488791365199857660e-04
1.079350017791483839e-02
1.779148380974973284e-03
1.364013758747479460e-02
2.728027517494959267e-03
2.965247301624955329e-03
8.302692444549875182e-04
4.269956114339936055e-03
1.399596726366979065e-02
