8.656922401354997035e-03
3.826610626685904380e-03
4.077535913681701665e-03
9.836271250235242847e-02
6.147669531397026779e-03
4.604479016372874794e-02
5.256884762561947477e-02
4.090082178031491378e-02
6.524057461890721624e-03
1.154256320180666213e-02
5.834012922652280497e-03
4.579386487673295369e-03
1.191895113230035698e-02
2.471614076908600424e-02
2.164230600338749172e-02
5.959475566150178490e-03
2.559437927357129453e-02
5.834012922652280497e-03
6.774982748886519343e-03
5.639545825230537351e-02
6.210400853145976209e-03
8.217803149112351893e-03
4.453923844175396510e-03
8.845116366601844457e-03
1.706291951571419635e-02
6.335863496643874201e-03
2.032494824665955629e-02
4.893043096418041651e-03
4.014804591932752235e-03
7.214102001129163617e-03
7.025908035882316195e-03
4.290822407628128859e-02
3.763879304936954950e-03
1.838027727244213178e-02
7.276833322878113047e-03
2.157957468163854142e-02
4.171632896305125376e-02
4.516655165924345940e-03
5.407439934759425415e-02
3.400037638793049211e-02
4.893043096418041651e-03
5.865378583526754952e-02
3.387491374443259672e-03
4.704849131171193362e-03
3.857976287560378748e-02
1.568283043723731410e-02
1.398908475001568209e-02
3.406310770967944240e-02
8.594191079606046738e-03
4.673483470296719428e-02
