6.524057461890721624e-03
3.512954017941158098e-03
5.457624992158584785e-03
9.466156451916442338e-02
4.855404303368671820e-02
5.834012922652280497e-03
6.593061915814565910e-02
6.147669531397026779e-03
1.060159337557242329e-02
1.260899567153879984e-02
3.763879304936954950e-03
2.214415657737908369e-02
2.101499278589799916e-02
7.778683896869706751e-03
3.111473558747882701e-02
6.586788783639671054e-03
5.583087635656483472e-02
7.276833322878113047e-03
1.480459193275202381e-02
5.896744244401229927e-03
5.771281600903331067e-03
3.826610626685904380e-03
3.952073270183802806e-03
6.593061915814565910e-02
3.117746690922777730e-02
7.904146540367605611e-03
4.874223699893356909e-02
8.343265792610250753e-03
6.022206887899127919e-03
2.189323129038328944e-02
4.391192522426447947e-03
3.387491374443259672e-03
8.155071827363402637e-02
7.408569098550905896e-02
4.642117809422244799e-03
7.527758609873909899e-03
1.417727871526253125e-02
7.527758609873909899e-03
3.575685339690107094e-03
3.889341948434853376e-03
8.594191079606046738e-03
1.386362210651778497e-02
3.644689793613951206e-02
5.457624992158584785e-03
1.643560629822470379e-02
4.579386487673295369e-03
7.841415218618657049e-03
5.206699705162787933e-03
5.382347406059845990e-02
3.387491374443259672e-03
