3.898987095879006409e-02
1.060080477313722763e-01
9.893159428333564431e-02
3.898987095879006409e-02
1.276536700430137318e-02
8.325239350631331164e-03
9.019009296517275717e-03
9.074510892188150657e-02
5.147772998473706257e-02
9.185514083529901230e-02
2.053559039822394974e-02
2.220063826835021528e-02
2.941584570556403377e-02
8.186485361454141213e-03
3.288469543499375480e-02
1.429166088525045050e-02
2.372693214929929087e-02
1.290412099347856313e-02
5.466907173581240370e-02
1.123907312335229586e-01
3.163590953239905912e-02
2.442070209518523716e-02
9.574025253226030319e-03
2.608574996531150270e-02
2.997086166227279011e-02
