3.073834765698513390e-03
2.007402295966376118e-03
1.631014365472680406e-03
2.553164795182234423e-02
3.763879304936954950e-03
2.716266231729502420e-02
8.782385044852895895e-03
2.697446835204817678e-03
2.258327582962172970e-03
3.136566087447462386e-03
1.718838215921209348e-02
2.421429019509441227e-02
2.258327582962172970e-03
8.405997114359199315e-03
3.638416661439056524e-03
3.073834765698513390e-03
5.903017376576124436e-02
2.885640800451665534e-03
5.332162348660685926e-03
1.944670974217426688e-03
3.387491374443259672e-03
2.321058904711122139e-02
7.025908035882316195e-03
5.332162348660685926e-03
3.575685339690107094e-03
1.844300859419107860e-02
2.007402295966376118e-03
1.944670974217426688e-03
2.007402295966376118e-03
6.084938209648077349e-03
1.756477008970579049e-03
3.701147983188005954e-03
2.760178156953767108e-03
7.465027288124960470e-03
7.088639357631265625e-03
4.202998557179599658e-03
2.822909478702716104e-03
7.402295966376011907e-03
2.634715513455868682e-03
2.697446835204817678e-03
2.302239508186437397e-02
1.317357756727934341e-03
3.387491374443259672e-03
1.812935198544633406e-02
1.511824854149677010e-02
6.900445392384417335e-03
1.913305313342952146e-02
2.264600715137067913e-02
3.324760052694310242e-03
2.760178156953767108e-03
2.509252869957969822e-03
3.262028730945360812e-03
3.920707609309328351e-02
4.704849131171193362e-03
4.202998557179599658e-03
5.834012922652280497e-03
4.585659619848190399e-02
2.070133617715325114e-03
2.226961922087698428e-02
1.003701147983187929e-02
4.140267235430650228e-03
7.214102001129163617e-03
1.041339941032557587e-02
3.575685339690107094e-03
2.070133617715325114e-03
3.889341948434853376e-03
4.780126717269932851e-02
4.642117809422244799e-03
1.505551721974781980e-03
2.697446835204817678e-03
5.928109905275703861e-02
1.386362210651778497e-02
1.881939652468477475e-03
8.280534470861300456e-03
2.132864939464274544e-03
2.509252869957969822e-03
3.970892666708487895e-02
6.461326140141773061e-03
3.952073270183802806e-03
2.195596261213223974e-03
4.729941659870773307e-02
4.642117809422244799e-03
2.195596261213223627e-02
2.760178156953767108e-03
2.885640800451665534e-03
2.007402295966376118e-03
1.317357756727934341e-03
3.701147983188005954e-03
1.511824854149677010e-02
2.132864939464274544e-03
1.543190515024151638e-02
3.638416661439056524e-03
6.398594818392823631e-03
1.505551721974781980e-03
8.092340505614453033e-03
2.070133617715325114e-03
2.126591807289379688e-02
2.070133617715325114e-03
3.763879304936954950e-03
2.446521548209020652e-02
