4.846581794600498226e-03
7.338134407317655795e-03
1.180927676712515730e-02
1.880610259735827211e-02
1.160449162087443323e-02
5.631591521894944823e-03
3.447216628553875523e-03
1.327690364858868932e-02
9.147069865865728802e-03
1.539301682651285016e-02
1.088774360899689465e-02
1.955698146694426556e-02
1.580258711901430177e-02
1.863544830881599945e-02
1.986415918632035080e-02
1.549540939963821307e-02
8.464452711696645107e-03
1.935219632069353976e-02
8.225536707737466161e-03
4.266357213556776565e-03
1.092187446670534780e-02
4.027441209597597618e-03
4.437011502099047489e-03
1.071708932045462373e-02
6.894433257107751047e-03
1.392538994504931987e-02
2.723642445134646234e-02
1.406191337588313592e-02
3.788525205638417805e-03
1.819174715860609470e-02
1.320864193317178130e-02
1.225297791733506204e-02
1.692890542339329021e-02
1.795283115464691576e-02
2.795317246322399918e-02
1.102426703983071070e-02
1.805522372777227866e-02
1.310624936004641840e-02
1.948871975152735581e-02
9.693163589200996452e-03
1.621215741151574991e-02
1.566606368818048226e-02
2.030786033653025555e-02
1.211645448650124600e-02
1.419843680671695196e-02
1.733847571589474182e-02
1.406191337588313592e-02
1.819174715860609470e-02
1.481279224546912937e-02
5.768114952728761735e-03
2.395986211133485644e-02
1.774804600839618995e-02
1.433496023755076974e-02
1.484692310317758251e-02
2.191201064882760535e-02
2.010307519027953321e-02
8.191405850029011282e-03
9.693163589200996452e-03
1.351581965254786827e-02
1.481279224546912937e-02
2.058090719819789111e-02
1.409604423359159080e-02
1.269667906754496679e-02
8.396190996279737084e-03
6.348339533772483397e-03
6.553124680023209199e-03
2.252636608757977929e-02
9.283593296699546582e-03
1.126318304378988965e-02
5.972900098979487538e-03
2.256049694528823590e-02
1.027338817024471898e-02
1.334516536400559734e-02
8.669237857947370909e-03
3.925048636472234717e-03
