3.207383378261068063e-02
3.010919724037099815e-02
3.879014940375565684e-02
2.709370859414264240e-02
3.061177868140905513e-03
2.832731758578151474e-02
1.005162882076118293e-03
4.888746744642938694e-03
9.868871933110978656e-03
1.110248092474985099e-02
3.518070087266414025e-03
4.934435966555489328e-03
6.853383286882624428e-04
8.315438388084250149e-03
5.482706629506099542e-03
4.203408415954676576e-03
7.776305569516150928e-02
9.137844382510165904e-04
2.097135285786082964e-02
2.777904692283090365e-02
2.755060081326814875e-02
5.208571298030794869e-03
2.969799424315803810e-03
1.005162882076118293e-03
6.396491067757115699e-03
5.574085073331200811e-03
9.092155160597614402e-03
1.014300726458628420e-02
7.264586284095582089e-03
9.594736601635674416e-04
3.198245533878557850e-03
1.644811988851829776e-03
5.665463517156302947e-03
4.568922191255082518e-03
3.746516196829168064e-03
2.092566363594828074e-02
7.360533650111938941e-02
1.183350847535066461e-02
2.056014986064787220e-03
1.256453602595147823e-02
7.310275506008132940e-04
3.381002421528761515e-02
1.690501210764380627e-03
1.174213003152556334e-02
1.050852103988669144e-03
8.224059944259148880e-04
6.350801845844565065e-03
1.941791931283410114e-02
2.741353314753049771e-03
3.700826974916616996e-03
4.737972312331521080e-02
3.106867090053456581e-03
2.042308219491022203e-02
5.893909626719056986e-03
4.386165303604879981e-03
3.828756796271759466e-02
4.020651528304473171e-02
9.594736601635674416e-04
6.807694064970073143e-03
5.985288070544158255e-03
1.644811988851829776e-03
6.853383286882624645e-03
5.985288070544158255e-03
3.518070087266414025e-03
5.162882076118243367e-03
6.624937177319870606e-03
7.767167725133640802e-03
2.823593914195641347e-02
2.695664092840499137e-03
5.482706629506099976e-04
2.467217983277744664e-02
2.604285649015397434e-03
8.228628866450404811e-02
4.980125188468039962e-03
4.066340750217023806e-03
