6.655517253148571233e-03
1.501757739171985344e-02
1.235537049046042495e-02
3.235605310761459352e-02
1.829413973173145760e-02
1.197993105566742822e-02
8.020751561486740358e-03
2.140004778320079085e-02
2.481313355404621279e-02
1.686064370797638046e-02
2.187787979111915221e-02
5.358544660227311865e-03
3.279975425782449827e-02
6.348339533772483397e-03
1.419843680671695196e-02
1.907914945902590420e-02
1.501757739171985344e-02
2.447182497696167094e-02
3.675893375200518787e-02
4.375575958223830442e-02
2.593945185842520124e-02
1.160449162087443323e-02
2.276528209153896171e-02
6.075292672104849571e-03
1.286733335608723772e-02
3.525717601283320096e-02
7.713573842110652522e-03
1.880610259735827211e-02
5.047953855080378194e-02
2.778251817468172999e-02
2.099047749069934271e-02
1.802109287006382551e-02
1.727021400047783206e-02
2.443769411925321780e-02
2.051264548278098135e-02
4.187856240827331905e-02
5.938769241271033526e-03
1.211645448650124600e-02
4.245878698931704331e-02
1.628041912693265966e-02
1.549540939963821307e-02
2.426703983071094514e-02
1.365234308338168605e-02
6.757909826273934134e-03
2.863578961739308634e-02
1.747499914672855786e-02
3.047885593364961163e-02
1.368647394109013919e-02
1.129731390149834452e-02
1.163862247858288637e-02
