1.555736779373941350e-02
8.217803149112351893e-03
1.028793676682767701e-02
1.006837714070635409e-01
1.041339941032557587e-02
4.692302866821403823e-02
8.129979298663822518e-02
1.053886205382347473e-02
2.139138071639169400e-02
1.298538360203249468e-02
9.390878865817703369e-02
9.873910043284611637e-02
5.200426572987892904e-02
1.185621981055140842e-02
1.455366664575622609e-02
2.001129163791481175e-02
8.907847688350793020e-03
1.729502540618530759e-01
5.005959475566150452e-02
7.465027288124960470e-03
1.323630888902829240e-02
3.406310770967944240e-02
1.166802584530456099e-02
8.010789787340819035e-02
1.216987641929615470e-02
