1.020000000000000073e-02
2.659999999999999865e-02
1.019999999999999934e-01
6.219999999999999835e-02
5.639999999999999875e-02
5.380000000000000060e-02
5.319999999999999729e-02
1.899999999999999953e-02
2.699999999999999969e-02
2.460000000000000034e-02
2.359999999999999945e-02
3.059999999999999873e-02
1.480000000000000066e-02
2.479999999999999913e-02
1.282000000000000084e-01
1.720000000000000001e-02
1.020000000000000073e-02
2.460000000000000034e-02
1.099999999999999936e-02
1.540000000000000049e-02
1.151999999999999968e-01
1.117999999999999966e-01
1.580000000000000154e-02
1.239999999999999956e-02
9.400000000000000369e-03
