1.504546077580298791e-01
6.597523644172340052e-02
6.391922145565860636e-02
7.538721615570886762e-03
7.323982272581898434e-02
7.218897062183031454e-02
9.777493489285877387e-03
1.347832046420249438e-02
2.439804450130214283e-02
2.809887147621875983e-02
1.928085164709645097e-02
1.809293187737012754e-02
1.530588934070452843e-02
1.617398455704299395e-02
8.955087494859962499e-03
5.711152739068853582e-03
1.152739068853657484e-01
2.101704207977338201e-02
2.467217983277744664e-03
5.309087586238406264e-02
5.071503632293142272e-02
4.660300635080184654e-03
3.033764334993374959e-02
4.824781833965367805e-02
8.160095033581578339e-02
