6.799999999999999621e-03
2.380000000000000171e-02
7.220000000000000029e-02
4.000000000000000083e-02
3.219999999999999946e-02
3.719999999999999696e-02
3.520000000000000212e-02
7.400000000000000328e-03
1.499999999999999944e-02
1.020000000000000073e-02
8.800000000000000530e-03
8.800000000000000530e-03
4.819999999999999979e-02
4.000000000000000083e-03
6.599999999999999964e-03
6.599999999999999964e-03
3.200000000000000153e-03
3.000000000000000062e-03
1.179999999999999973e-02
5.680000000000000326e-02
1.540000000000000049e-02
8.000000000000000167e-03
7.799999999999999642e-03
9.059999999999999998e-02
6.599999999999999964e-03
8.799999999999999489e-02
3.000000000000000062e-03
2.719999999999999848e-02
2.819999999999999937e-02
7.799999999999999642e-03
9.599999999999999159e-03
8.200000000000000691e-03
2.799999999999999972e-03
2.800000000000000058e-02
8.999999999999999320e-03
6.000000000000000125e-03
2.040000000000000147e-02
9.500000000000000111e-02
8.600000000000000006e-03
8.399999999999999481e-03
6.000000000000000125e-03
8.000000000000000167e-03
2.900000000000000147e-02
1.020000000000000073e-02
1.080000000000000057e-02
8.999999999999999320e-03
3.200000000000000153e-03
2.200000000000000133e-03
2.399999999999999790e-03
2.799999999999999972e-03
