3.558296761949946568e-02
1.791009370181472979e-02
3.356659945439449677e-02
1.791009370181472979e-02
2.372197841299964263e-02
3.143162139722453091e-02
4.151346222274937374e-03
1.707982445735974422e-02
1.767287391768473589e-02
1.779148380974973284e-02
3.427825880678448539e-02
1.601233542877476129e-02
9.714150160123354028e-02
1.897758273039971619e-02
6.167714387379907154e-03
1.945202229865970744e-02
2.253587949234966276e-03
1.387735737160479196e-02
1.458901672399478058e-02
6.523544063574902331e-03
1.138654963823983006e-02
5.100225358794923357e-03
5.456055034989918534e-03
7.946862768354880438e-03
6.642153955639900145e-03
2.905942355592456422e-02
2.455224765745463167e-02
4.210651168307436715e-02
6.855651761356897078e-02
1.660538488909974950e-02
1.660538488909974950e-02
9.607401257264855041e-03
2.692444549875459489e-02
7.496145178507887530e-02
2.467085754951962862e-02
5.811884711184912844e-03
2.526390700984462029e-02
6.997983631834895323e-03
2.277309927647966012e-02
1.957063219072470786e-02
3.558296761949946568e-03
7.946862768354880438e-03
2.846637409559957515e-03
3.439686869884948320e-03
6.286324279444905835e-03
5.456055034989918534e-03
2.739888506701458962e-02
6.523544063574902331e-03
9.488791365199858094e-03
3.036413236863954451e-02
