5.699853237311853713e-03
1.088774360899689465e-02
8.123144134612103259e-03
1.559780197276357597e-02
1.030751902795317212e-02
3.276562340011604599e-03
1.924980374756817686e-02
2.389160039591795015e-02
6.143554387521758461e-03
4.471142359807502367e-03
1.733847571589474182e-02
2.426703983071094514e-02
1.965937404006962846e-02
4.983105225434315139e-03
5.563329806478036800e-03
9.624901873784088430e-03
1.471039967234376647e-02
1.078535103587153175e-02
9.795556162326359353e-03
6.348339533772483397e-03
5.051366940851223161e-03
2.238984265674596325e-02
6.518993822314755188e-03
1.051230417420389793e-02
7.508788695859926719e-03
2.638315300863510598e-02
1.880610259735827211e-02
1.354995051025632315e-02
1.532475511109594214e-02
1.044404245878698990e-02
1.126318304378988965e-02
1.259428649441960563e-02
2.454008669237858070e-02
1.580258711901430177e-02
2.795317246322399918e-02
2.187787979111915221e-02
2.457421755008703385e-02
2.290180552237277775e-02
1.802109287006382551e-02
1.918154203215126710e-02
2.382333868050104039e-02
4.437011502099047489e-03
1.897675688590054130e-02
1.419843680671695196e-02
1.641694255776647571e-02
4.675927506058227302e-03
2.163896378715996979e-02
7.850097272944469434e-03
1.406191337588313592e-02
1.259428649441960563e-02
2.020546776340489264e-02
9.215331581282636825e-03
7.679442984402197643e-03
1.266254820983651365e-02
6.689648110857026111e-03
1.341342707942250537e-02
1.965937404006962846e-02
5.631591521894944823e-03
1.481279224546912937e-02
1.593911054984811781e-02
1.126318304378988965e-02
2.122939349465852166e-02
1.969350489777808161e-02
1.378886651421550209e-02
7.167480118775384872e-03
1.081948189357998490e-02
5.085497798559678040e-03
2.498378784258848545e-02
9.522509300658725528e-03
7.645312126693743632e-03
9.181200723574183681e-03
9.829687020034814232e-03
2.525683470425611581e-03
1.218471620191815402e-02
4.573534932932864401e-03
