3.355308239408331689e-03
7.112308310295125009e-03
2.369981805722927090e-02
2.367618912596583178e-02
5.127478084166253378e-03
2.407788095744429341e-02
6.805132203870419005e-03
2.551924576451407127e-03
1.611493112166536776e-02
5.210179343588289269e-02
3.827886864677110691e-03
5.883603884596300126e-03
1.568961035892346700e-02
5.765459228279104509e-03
7.419484416719831880e-03
5.812717090805982756e-03
2.169135889983695928e-02
4.843930909004985630e-03
8.931736017579924511e-03
7.301339760402637130e-03
3.922402589730866751e-03
1.101108196876255350e-02
9.144396398950874888e-03
4.347723352472767505e-03
6.946905791451052879e-03
2.929987476666430501e-03
2.575553507714846251e-03
8.033836629569244756e-03
5.670943503225348882e-03
1.273599395099359738e-02
2.041539661161125702e-02
6.403440372391956507e-03
2.173861676236383753e-03
8.364641667257390750e-03
1.505162921481061414e-02
2.178587462489071577e-02
8.530044186101462880e-03
3.988563597268495603e-02
4.607641596370596129e-03
2.953616407929869191e-03
3.119018926773942189e-03
6.734245410080102502e-03
1.004229578696155638e-02
8.884478155053046264e-03
1.495711348975685764e-02
6.946905791451052879e-03
9.120767467687435764e-03
1.216889960067106188e-02
3.804257933413671567e-03
1.056213227475721189e-02
6.096264265967250504e-03
6.332553578601640004e-03
5.647314571961909759e-03
2.459771744523995066e-02
1.103471090002599263e-02
9.924151130644360760e-03
1.037310082464970064e-02
3.497081826988965129e-03
6.970534722714492003e-03
1.805250348526736201e-02
5.930861747123177506e-03
5.032962359112497751e-03
4.867559840268424753e-03
2.386522057607334563e-03
2.100611989319723164e-02
8.553673117364902004e-03
1.984830226128872065e-03
8.789962429999291504e-03
2.206942180005198526e-02
2.811842820349235751e-03
1.516977387112780976e-02
8.742704567472413257e-03
3.757000070886793754e-03
1.223978639446137925e-02
2.764584957822357504e-03
8.081094492096123003e-03
8.837220292526169751e-03
3.733371139623354630e-03
5.907232815859738383e-03
1.535880532123531971e-03
5.153469908556036067e-02
7.466742279246709260e-03
3.922402589730866751e-03
1.384655372037522751e-02
3.709742208359915940e-03
1.131825807518725864e-02
2.145506958720257151e-02
1.583138394650409828e-02
1.290139646983766951e-02
5.718201365752227129e-03
3.497081826988965129e-03
7.041421516504808506e-03
4.654899458897474376e-03
9.049880673897120129e-03
7.419484416719831880e-03
7.277710829139198007e-03
6.568842891236029505e-03
3.709742208359915940e-03
7.088679379031686753e-03
3.638855414569599003e-03
