4.846581794600498226e-03
3.344824055428513056e-03
1.180927676712515730e-02
1.279907164067032969e-02
7.065087545650021970e-03
5.631591521894944823e-03
3.140038909177787687e-03
9.181200723574183681e-03
5.972900098979487538e-03
1.310624936004641840e-02
1.061469674732926083e-02
1.413017509130004394e-02
1.549540939963821307e-02
1.863544830881599945e-02
1.433496023755076974e-02
1.413017509130004394e-02
6.996825830233113948e-03
1.279907164067032969e-02
5.119628656268132051e-03
4.266357213556776565e-03
9.966210450868630277e-03
3.003515478343970774e-03
2.969384620635516763e-03
5.017236083142769150e-03
4.368749786682139466e-03
1.064882760503771397e-02
1.163862247858288637e-02
1.242363220587733297e-02
2.047851462507252820e-03
1.655346598860029522e-02
8.942284719615004734e-03
1.061469674732926083e-02
1.061469674732926083e-02
1.645107341547493232e-02
1.938632717840199290e-02
9.249462438991091703e-03
1.552954025734666794e-02
1.204819277108433798e-02
1.406191337588313592e-02
8.089013276903648381e-03
1.610976483839039047e-02
1.436909109525922462e-02
1.822587801631455132e-02
1.211645448650124600e-02
1.054643503191235281e-02
1.010273388170244632e-02
8.771630431072732076e-03
1.819174715860609470e-02
1.119492132837298162e-02
5.495068091061128777e-03
2.191201064882760535e-02
9.283593296699546582e-03
1.430082937984231486e-02
9.215331581282636825e-03
1.716782142735246916e-02
2.010307519027953321e-02
6.314208676064029385e-03
5.290282944810402975e-03
1.348168879483941512e-02
1.191166934025052020e-02
1.662172770401720151e-02
1.385712822963241012e-02
1.044404245878698990e-02
8.396190996279737084e-03
6.348339533772483397e-03
5.085497798559678040e-03
2.252636608757977929e-02
6.041161814396395560e-03
8.976415577323457878e-03
5.972900098979487538e-03
1.904501860131745106e-02
1.027338817024471898e-02
1.034164988566162700e-02
5.802245810437216614e-03
3.925048636472234717e-03
7.952489846069832335e-03
5.153759513976586062e-03
8.805761288781186955e-03
1.204819277108433798e-02
3.617870917096146447e-03
9.420116727533362627e-03
5.290282944810402975e-03
7.815966415236014556e-03
5.699853237311853713e-03
7.474657838151472708e-03
4.027441209597597618e-03
1.491518481859449054e-02
9.215331581282636825e-03
8.976415577323457878e-03
4.471142359807502367e-03
9.761425304617904475e-03
9.078808150448820780e-03
6.348339533772483397e-03
8.635107000238916031e-03
2.013720604798798809e-03
8.225536707737466161e-03
1.146796819004061545e-02
1.354995051025632315e-02
7.167480118775384872e-03
4.061572067306051630e-03
