6.837714070635467906e-03
3.638416661439056524e-03
4.767580452920142792e-03
9.767266796311398214e-02
5.056144532965309302e-02
5.834012922652280497e-03
6.567969387114987179e-02
8.970579010099743317e-03
6.147669531397026779e-03
1.229533906279405356e-02
3.450222696192208668e-03
3.255755598770466303e-02
2.164230600338749172e-02
8.594191079606046738e-03
2.703719967379712708e-02
6.210400853145976209e-03
6.398594818392823631e-03
1.562009911548836380e-02
5.708550279154381638e-03
5.959475566150178490e-03
3.701147983188005954e-03
2.051314221190640372e-02
4.290822407628128859e-02
3.826610626685904380e-03
9.221504297095539301e-03
6.705978294962675057e-02
3.124019823097672760e-02
8.845116366601844457e-03
5.269431026911737363e-03
4.893043096418041304e-02
4.579386487673295369e-03
6.210400853145976209e-03
1.737657612445894090e-02
4.830311774669092222e-03
7.214102001129163617e-03
7.025908035882316195e-03
3.575685339690107094e-03
1.599648704598205864e-02
3.387491374443259672e-03
8.224076281287247270e-02
5.583087635656483472e-02
6.078665077473182493e-02
4.516655165924345940e-03
5.394893670409635356e-03
4.861677435543566850e-02
1.825481462894423118e-02
5.143968383413838504e-03
3.011103443949563960e-03
6.084938209648077349e-03
2.822909478702716104e-03
