2.835471751612674441e-03
4.371352283736206629e-03
2.386522057607334477e-02
2.830745965359986877e-02
1.583138394650410001e-03
5.978119609650055753e-03
2.915810117908367027e-02
2.729141560927199339e-02
4.926632168427021868e-02
5.576427778171593255e-03
3.284421445618014752e-03
3.993289383521183254e-03
4.064176177311500625e-03
6.497956097445712134e-03
4.820301977741546506e-03
6.474327166182273878e-03
1.642210722809007289e-02
2.374707591975614915e-02
1.025495616833250676e-02
3.426195033198648626e-03
1.327945937005269202e-02
1.913943432338555345e-03
5.056591290375936007e-03
8.151981285886438638e-03
1.327945937005269202e-02
1.096382410623567526e-02
1.464993738333215251e-02
8.648188842418656763e-03
4.489496940053401379e-03
4.111434039838378005e-03
6.616100753762906884e-03
2.008459157392311189e-03
1.391744051416554488e-02
1.011318258075187201e-02
1.540606318376219926e-02
8.010207698305805632e-03
5.718201365752227129e-03
2.032088088655750312e-03
2.055717019919189002e-03
7.395855485456392757e-03
1.011318258075187201e-02
3.787717681529264441e-02
7.608515866827343134e-03
1.131825807518725864e-02
4.064176177311500625e-03
7.561258004300465754e-03
1.516977387112780976e-02
1.018406937454218938e-02
8.553673117364902004e-03
1.781621417263297077e-02
9.451572505375581759e-03
2.977245339193308315e-03
8.317383804730512503e-03
1.039672975591313976e-02
5.458283121854398505e-03
6.001748540913494877e-03
9.475201436639020883e-03
7.372226554192953633e-03
2.646440301505162754e-03
2.032088088655750312e-03
1.075116372486472488e-02
7.962949835778927385e-03
2.835471751612674441e-03
2.081708844308971865e-02
5.340138465537203755e-03
1.181446563171947677e-02
4.962075565322180380e-03
2.811842820349235751e-03
8.742704567472413257e-03
6.876018997660735509e-03
7.183195104085442380e-03
3.922402589730866751e-03
1.233430211951513401e-02
2.020273623024030490e-02
1.306679898868174164e-02
1.781621417263297077e-02
8.317383804730512503e-03
2.150232744972945063e-03
8.199239148413316886e-03
4.820301977741546506e-03
1.956475508612745551e-02
8.530044186101462880e-03
8.081094492096123003e-03
6.616100753762906884e-03
4.276836558682451002e-03
1.559509463386971094e-03
4.921906382174334044e-02
7.844805179461733502e-03
2.164410103731008103e-02
7.561258004300465754e-03
6.474327166182273878e-03
6.616100753762906884e-03
3.591597552042721190e-03
4.914817702795303000e-03
9.640603955483093013e-03
2.440868599513244114e-02
2.102974882446066816e-03
8.317383804730512503e-03
2.150232744972945063e-03
2.528295645187968003e-03
