3.385571343720016751e-02
2.901265591446977599e-02
2.924110202403253089e-02
4.144012427468360404e-02
2.832731758578151474e-03
2.764197925709325002e-02
1.599122766939278925e-03
4.660300635080184654e-03
9.686115045460776118e-03
1.165075158770046207e-02
5.848220404806506352e-03
8.498195275734454421e-03
4.523232969342531884e-03
1.279298213551423183e-03
5.482706629506099976e-04
1.416365879289075737e-03
7.136656462740439966e-02
7.584410837483437397e-03
1.155937314387535907e-02
2.819024992004386110e-02
4.705989856992735289e-03
2.151962352081144073e-02
4.112029972129574440e-04
8.589573719559555690e-03
2.010325764152236586e-03
5.482706629506099542e-03
5.025814410380591464e-04
5.939598848631607621e-03
1.685932288573125520e-02
3.426691643441312322e-03
6.396491067757115916e-04
3.883583862566820401e-03
9.028190249920044208e-02
4.888746744642938694e-03
3.435829487823822276e-02
4.340476081692328479e-03
4.157719194042125074e-03
8.224059944259148880e-04
3.618586375474025507e-02
5.574085073331200811e-03
1.324987435463974034e-03
9.274912048247818674e-03
1.114817014666240162e-02
5.893909626719056986e-03
5.025814410380591464e-04
2.037739297299766966e-02
3.746516196829168064e-03
5.071503632293142098e-03
4.715127701375245589e-02
1.279298213551423183e-03
4.431854525517430615e-03
5.208571298030794869e-03
2.485493672042765265e-02
2.284461095627541259e-03
7.538721615570886762e-03
4.619180335358889083e-02
6.853383286882624428e-04
7.767167725133641452e-04
9.046465938685063768e-03
7.630100059395988898e-03
4.431854525517430615e-03
1.791017498971992500e-02
1.279298213551423140e-02
2.604285649015397434e-03
4.112029972129574440e-03
3.426691643441312496e-02
8.420523598483117822e-02
7.310275506008132940e-04
9.503358157810571846e-03
9.320601270160369309e-03
6.853383286882624428e-04
5.711152739068853582e-03
5.528395851418650177e-03
4.157719194042125074e-03
2.604285649015397434e-03
