1.387539891771888412e-02
3.024836964062716654e-02
9.199389482447620225e-02
9.032884695434993672e-02
1.387539891771888455e-03
6.105175523796309289e-03
8.991258498681836686e-02
4.162619675315665582e-03
1.678923269043984881e-02
8.949632301928681088e-02
7.631469404745386612e-03
1.096156514499791942e-02
3.885111696961287848e-03
4.301373664492853799e-03
5.397530178992646088e-02
6.798945469682252975e-03
9.990287220757596703e-03
9.019009296517275717e-03
2.081309837657832618e-02
9.019009296517275717e-03
1.595670875537671604e-02
3.898987095879006409e-02
1.165533509088386224e-02
7.770223393922575696e-03
9.435271264048842102e-03
8.602747328985707598e-03
1.554044678784515139e-02
7.492715415568197528e-03
3.468849729429721029e-03
2.719578187872901190e-02
1.012904120993478492e-02
2.358817816012210525e-03
5.133897599555987436e-03
6.105175523796309289e-03
9.712779242403218535e-03
3.260718745663938184e-02
6.521437491327875674e-03
6.327181906479811824e-02
1.290412099347856313e-02
9.574025253226030319e-03
1.942555848480643924e-03
1.026779519911197487e-02
8.463993339808519381e-03
1.012904120993478492e-02
1.290412099347856313e-02
9.990287220757596703e-03
2.053559039822394974e-02
1.942555848480643707e-02
5.550159567087553820e-03
2.566948799777993631e-02
