3.392242913058949455e-02
1.885897283833471577e-02
1.909619262246471313e-02
3.380381923852449066e-02
3.404103902265449150e-02
3.902265448938441184e-02
3.439686869884948320e-03
7.353813308029889632e-03
2.063812121930969079e-02
1.008184082552484803e-02
1.731704424148974159e-02
2.051951132724469384e-02
2.218004981615466845e-02
1.148143755189182796e-01
9.251571581069860731e-03
9.963230933459851085e-03
1.458901672399478058e-02
4.625785790534930365e-03
1.945202229865970744e-02
4.044597319416439601e-02
7.591033092159886128e-03
6.286324279444905835e-03
4.388566006404934217e-02
1.126793974617483138e-02
8.184082552484877801e-03
6.286324279444905835e-03
2.455224765745463167e-02
1.020045071758984671e-02
2.787332463527458087e-02
5.989799549282410346e-02
4.625785790534930365e-03
8.302692444549874748e-03
6.049104495314909340e-03
2.550112679397461765e-02
2.229865970821966539e-02
8.895741904874866421e-03
1.103071996204483401e-02
4.341122049578934744e-02
7.116593523899893137e-03
1.352152769540979765e-02
1.067489028584983971e-02
2.739888506701458962e-02
6.404934171509903650e-03
1.114932985410983270e-02
3.036413236863954451e-02
6.404934171509903650e-03
2.229865970821966539e-02
2.728027517494959267e-03
2.799193452733958129e-02
4.388566006404933870e-03
