1.593375572423310835e-02
9.284235618844489599e-03
1.028793676682767701e-02
1.833009221504297015e-01
9.321874411893858736e-02
1.078978734081927071e-02
3.312213788344520182e-02
3.550592810990527842e-02
1.035066808857662557e-02
1.549463647199046494e-02
9.064675992723165987e-02
1.028793676682767701e-02
6.436233611442193636e-02
4.453923844175396857e-02
1.562009911548836380e-02
1.392635342826673353e-02
9.240323693620224044e-02
9.591619095414340157e-02
7.465027288124960470e-03
8.217803149112351893e-03
7.214102001129163617e-03
1.216987641929615470e-02
6.862806599335047331e-02
3.939527005834012746e-02
1.191895113230035698e-02
