2.965230502124548834e-02
2.946954813359528580e-02
2.499200438616530281e-02
2.924110202403253176e-03
2.229634029332480324e-02
3.024626490610864832e-02
2.147393429889888922e-03
1.187919769726321481e-03
5.985288070544158255e-03
8.086992278521496977e-03
3.152556311966007215e-03
3.837894640654269766e-03
2.787042536665600406e-03
3.518070087266414025e-03
4.568922191255082952e-04
1.370676657376524886e-03
6.720884543336226591e-02
5.619774295243752313e-03
3.655137753004066470e-04
5.391328185680998274e-03
2.563165349294101517e-02
2.101704207977338288e-03
7.218897062183031454e-03
2.211358340567460071e-02
3.837894640654269766e-03
6.030977292456709757e-03
4.112029972129574440e-04
3.472380865353862957e-03
4.568922191255082952e-04
6.396491067757115916e-04
1.388952346141545183e-02
3.198245533878557958e-04
1.279298213551423183e-03
1.580847078174258541e-02
3.563759309178964659e-03
7.584410837483437917e-02
3.198245533878557958e-04
4.660300635080184654e-03
2.330150317540092327e-03
8.361127609996802518e-03
2.869283136108191981e-02
5.482706629506099542e-03
4.066340750217023806e-03
3.152556311966007215e-03
5.437017407593548908e-03
4.477543747429981250e-03
9.640425823548225484e-03
6.716315621144971874e-03
5.345638963768446772e-03
2.649974870927948069e-03
1.644811988851829776e-03
2.078859597021062711e-02
2.056014986064787220e-03
3.198245533878557958e-04
4.632887101932654100e-02
1.599122766939278925e-03
1.736190432676931478e-03
2.681957326266733513e-02
5.939598848631607404e-04
1.096541325901219995e-03
8.680952163384657392e-04
2.595147804632887134e-02
8.411385754100607348e-02
4.294786859779777845e-03
1.781879654589482330e-03
4.431854525517430615e-03
2.170238040846164326e-02
2.878420980490702108e-02
1.279298213551423183e-03
4.888746744642938694e-03
2.270754329053776069e-02
1.370676657376524886e-03
6.213734180106913162e-03
4.294786859779777845e-03
5.939598848631607404e-04
3.198245533878557850e-03
7.493032393658336128e-03
4.157719194042125074e-03
7.036140174532828050e-03
8.909398272947411865e-03
6.990450952620276548e-03
1.599122766939278925e-03
3.289623977703659552e-03
2.133686663316123819e-02
5.254260519943345503e-03
6.853383286882624428e-04
5.711152739068853582e-03
3.518070087266414025e-03
8.224059944259148880e-03
6.579247955407319104e-03
1.731621510485676502e-02
2.462649061086489774e-02
5.985288070544158255e-03
3.563759309178964659e-03
3.152556311966007215e-03
3.655137753004066470e-04
1.005162882076118293e-03
7.081829396445378684e-03
1.553433545026728290e-03
4.568922191255082952e-04
