3.010919724037099815e-02
3.006350801845844578e-02
2.462649061086489774e-02
2.709370859414264240e-02
3.061177868140905513e-03
2.316443550966327050e-02
1.005162882076118293e-03
3.426691643441312322e-03
7.218897062183031454e-03
9.000776716772513134e-03
2.787042536665600406e-03
3.974962306391922537e-03
4.112029972129574440e-04
5.848220404806506352e-03
4.568922191255082518e-03
3.883583862566820401e-03
6.912779275368940990e-02
7.310275506008132940e-04
2.097135285786082964e-02
1.343263124228994375e-02
1.854982409649563735e-02
4.066340750217023806e-03
2.421528761365194030e-03
5.939598848631607404e-04
5.619774295243752313e-03
3.152556311966007215e-03
6.396491067757115699e-03
5.208571298030794869e-03
3.061177868140905513e-03
5.939598848631607404e-04
3.152556311966007215e-03
9.137844382510165904e-04
5.254260519943345503e-03
3.381002421528761254e-03
2.924110202403253176e-03
2.083428519212317948e-02
6.912779275368940990e-02
8.315438388084250149e-03
1.781879654589482330e-03
9.960250376936079925e-03
6.853383286882624428e-04
3.381002421528761515e-02
7.767167725133641452e-04
7.949924612783845074e-03
4.568922191255082952e-04
7.310275506008132940e-04
3.746516196829168064e-03
1.055421026179924164e-02
2.467217983277744664e-03
3.655137753004066362e-03
3.819618951889248992e-02
2.421528761365194030e-03
1.219902225065107142e-02
5.528395851418650177e-03
4.386165303604879981e-03
2.860145291725681854e-02
2.636268104354182878e-02
7.310275506008132940e-04
4.431854525517430615e-03
5.893909626719056986e-03
1.324987435463974034e-03
5.574085073331200811e-03
5.802531182893955718e-03
3.518070087266414025e-03
4.614611413167634020e-03
6.442180289669667201e-03
6.213734180106913162e-03
2.823593914195641347e-02
2.238771873714990625e-03
5.482706629506099976e-04
2.229634029332480324e-02
2.147393429889888922e-03
8.228628866450404811e-02
4.980125188468039962e-03
2.741353314753049771e-03
4.660300635080184654e-03
5.025814410380591464e-04
3.426691643441312322e-03
6.853383286882624428e-04
7.767167725133641452e-04
3.106867090053456581e-03
2.384977383835153175e-02
4.614611413167634020e-03
3.518070087266414025e-03
1.749897199250696755e-02
3.198245533878557958e-04
6.762004843057522509e-03
2.330150317540092327e-03
1.996618997578471222e-02
6.762004843057522509e-03
1.827568876502033235e-04
3.198245533878557958e-04
5.619774295243752313e-03
2.832731758578151474e-03
4.568922191255082952e-04
2.115410974551103565e-02
8.498195275734454421e-03
1.827568876502033235e-04
1.722483666103166375e-02
1.238177913830127395e-02
