3.136566087447462386e-03
1.254626434978984911e-03
1.756477008970579049e-03
1.028793676682767701e-02
3.889341948434853376e-03
8.405997114359199315e-03
3.456495828367103784e-02
2.697446835204817678e-03
2.383790226460071396e-03
3.136566087447462386e-03
1.568283043723731410e-02
2.502979737783075226e-02
1.047613073207452443e-02
2.383790226460071396e-03
3.826610626685904380e-03
2.885640800451665534e-03
6.480145536666458150e-02
2.070133617715325114e-03
6.649520105388620483e-03
1.944670974217426688e-03
3.324760052694310242e-03
6.712251427137569913e-03
8.217803149112351893e-03
5.332162348660685926e-03
3.073834765698513390e-03
1.411454739351358095e-02
6.963176714133366765e-03
3.136566087447462386e-03
7.151370679380214188e-03
3.387491374443259672e-03
3.136566087447462386e-03
1.693745687221629836e-03
8.343265792610250753e-03
1.819208330719528262e-03
4.014804591932752235e-03
1.311084624553039354e-02
2.433975283859230940e-02
3.180478012671727334e-02
2.634715513455868682e-03
2.697446835204817678e-03
3.926980741484223381e-02
9.409698262342387374e-04
3.450222696192208668e-03
2.195596261213223974e-03
7.339564644627062477e-03
2.509252869957969822e-03
2.571984191706919252e-03
1.129163791481086442e-02
7.778683896869706751e-03
2.509252869957969909e-02
4.014804591932752235e-03
4.479016372874976282e-02
2.321058904711122400e-03
4.516655165924345940e-03
4.202998557179599658e-03
4.014804591932752235e-03
4.014804591932752235e-03
1.216987641929615470e-02
5.859105451351859922e-02
1.022520544507872844e-02
1.568283043723731193e-03
3.826610626685904380e-03
2.007402295966376118e-03
3.952073270183802806e-03
4.642117809422244799e-03
2.258327582962172970e-03
1.881939652468477475e-03
2.885640800451665534e-03
2.697446835204817678e-03
7.088639357631265625e-03
3.826610626685904293e-02
2.038767956840850659e-02
1.881939652468477475e-03
6.900445392384417335e-03
8.280534470861300456e-03
2.509252869957969822e-03
4.372373125901762858e-02
2.226961922087698428e-02
2.446521548209020826e-03
2.697446835204817678e-03
2.195596261213223974e-03
4.196725425004704801e-02
4.642117809422244799e-03
4.328461200677498517e-03
6.586788783639671054e-03
3.801518097986324868e-02
4.830311774669092222e-03
2.948372122200614964e-03
3.092654162223197958e-02
1.317357756727934341e-03
1.562009911548836380e-02
1.442820400225832767e-03
2.007402295966376118e-03
1.442820400225832767e-03
3.701147983188005954e-03
2.942098990025719674e-02
2.383790226460071396e-03
4.077535913681701665e-03
1.317357756727934341e-03
5.081237061664889074e-03
