9.317724154407999726e-03
2.245810437216287300e-02
1.672412027714256441e-02
2.580292842759138519e-02
1.225297791733506204e-02
7.440526980443018697e-03
7.918358988361377457e-03
1.924980374756817686e-02
2.269702037612205195e-02
1.798696201235536890e-02
2.611010614696747389e-02
7.713573842110652522e-03
3.563261544762619942e-02
1.723608314276937892e-02
9.078808150448820780e-03
1.583671797672275491e-02
2.866992047510153949e-02
1.365234308338168605e-02
2.989863135260589083e-02
4.136659954264650801e-02
3.262909996928222561e-02
2.238984265674596325e-02
1.000034130857708516e-02
1.378886651421550209e-02
9.420116727533362627e-03
3.122973480323560508e-02
2.334550667258268250e-02
6.894433257107751047e-03
2.136591692549233770e-02
2.140004778320079085e-02
3.269736168469913884e-02
1.668998941943411127e-02
2.713403187822109944e-02
1.849892487798218341e-02
1.477866138776067449e-02
5.529198948769582789e-03
1.754326086214546415e-02
2.628076043550974308e-02
1.580258711901430177e-02
4.399467558619748336e-02
2.327724495716577274e-02
2.600771357384211099e-02
6.621386395440117222e-03
3.204887538823850829e-02
1.638281170005802256e-02
2.901122905218608133e-02
1.508583910713676320e-02
1.542714768422130504e-02
2.116113177924161190e-02
1.651933513089183861e-02
