7.183195104085442380e-03
1.443727700196120213e-02
4.189409513007726765e-02
5.266888778620543166e-02
2.563739042083126515e-02
4.028732780416342113e-02
2.421965454502492815e-02
1.542969211502563665e-02
5.347227144916235492e-02
1.124500838827059840e-01
7.395855485456392757e-03
3.785354788402920528e-02
7.714846057512818323e-02
4.213038444271165889e-02
3.324590628765861089e-02
6.970534722714491482e-02
3.627040948937879788e-02
9.931239810023392844e-02
3.222986224333073552e-02
2.618085583989036152e-02
2.485763568913778102e-02
4.250844734292667793e-02
1.970652867370808678e-02
1.750903806620826564e-02
4.626544741381347081e-02
