4.578881642847231967e-03
2.955459969474122373e-02
7.215207437213820574e-02
8.616622727903426593e-02
4.995143610378798352e-03
1.387539891771888455e-03
7.950603579852920377e-02
8.033855973359234348e-02
5.272651588733175652e-03
8.880255307340085766e-03
4.301373664492853799e-03
6.243929512973498373e-03
2.636325794366587826e-03
1.387539891771888455e-03
7.908977383099764780e-03
3.330095740252532379e-03
6.382683502150686590e-03
2.109060635493270261e-02
1.387539891771888412e-02
1.415290689607326229e-02
3.191341751075343295e-03
4.717635632024421051e-03
1.332038296101012952e-02
1.387539891771888455e-03
6.105175523796309289e-03
9.435271264048842102e-03
4.856389621201609268e-03
3.330095740252532379e-03
5.550159567087553820e-03
3.885111696961287848e-03
2.081309837657832791e-03
1.248785902594699588e-03
1.387539891771888455e-03
1.387539891771888455e-03
6.243929512973498373e-03
4.856389621201609268e-03
2.358817816012210525e-03
1.276536700430137318e-02
4.023865686138476498e-03
5.688913556264742905e-03
1.276536700430137318e-02
9.851533231580408487e-03
1.110031913417510764e-02
1.720549465797141520e-02
4.856389621201609268e-03
1.665047870126266190e-03
1.415290689607326229e-02
1.387539891771888455e-03
7.770223393922575696e-03
7.770223393922575696e-03
2.539198001942555988e-02
2.775079783543776910e-03
8.186485361454141213e-03
2.220063826835021528e-02
7.076453448036631143e-03
3.885111696961287848e-03
3.191341751075343295e-03
1.845428056056611782e-02
1.012904120993478492e-02
5.550159567087553820e-03
3.885111696961287848e-03
1.942555848480643924e-03
2.220063826835021441e-03
2.775079783543776910e-03
2.081309837657832791e-03
3.607603718606910113e-03
3.052587761898154645e-03
2.913833772720965561e-03
4.023865686138476498e-03
2.497571805189399176e-03
6.382683502150686590e-03
2.775079783543776910e-03
9.990287220757596703e-03
6.937699458859442059e-03
5.272651588733175652e-03
3.468849729429721029e-03
1.221035104759261858e-02
4.440127653670042883e-03
1.942555848480643924e-03
2.358817816012210525e-03
1.526293880949077322e-03
2.830581379214652457e-02
6.382683502150686590e-03
4.440127653670042883e-03
4.717635632024421051e-03
4.578881642847231967e-03
2.913833772720965561e-03
2.358817816012210525e-03
2.081309837657832791e-03
2.442070209518523716e-02
4.023865686138476498e-03
3.746357707784098764e-03
4.301373664492853799e-03
1.526293880949077322e-03
1.221035104759261858e-02
2.303316220341334805e-02
2.636325794366587826e-03
2.650201193284306908e-02
3.191341751075343295e-03
4.995143610378798352e-03
