9.599999999999999159e-03
4.700000000000000011e-02
1.700000000000000122e-02
5.040000000000000036e-02
5.059999999999999915e-02
2.860000000000000042e-02
3.059999999999999873e-02
5.400000000000000286e-03
3.000000000000000062e-03
7.400000000000000328e-03
9.199999999999999845e-03
8.600000000000000006e-03
6.599999999999999964e-03
5.000000000000000104e-03
8.800000000000000530e-03
5.240000000000000213e-02
3.200000000000000153e-03
1.179999999999999973e-02
7.799999999999999642e-03
3.080000000000000099e-02
4.599999999999999922e-03
9.400000000000000369e-03
2.440000000000000155e-02
2.040000000000000147e-02
9.400000000000000369e-03
6.599999999999999964e-03
7.400000000000000328e-03
4.199999999999999740e-03
6.799999999999999621e-03
8.680000000000000215e-02
9.599999999999999159e-03
8.160000000000000586e-02
7.000000000000000146e-03
9.220000000000000417e-02
1.020000000000000073e-02
6.800000000000000488e-02
9.199999999999999845e-03
6.000000000000000125e-03
1.260000000000000009e-02
3.399999999999999811e-03
2.779999999999999832e-02
3.000000000000000062e-03
7.199999999999999803e-03
1.880000000000000074e-02
1.480000000000000066e-02
2.860000000000000042e-02
2.799999999999999972e-03
9.199999999999999845e-03
4.400000000000000265e-03
9.799999999999999684e-03
