4.893043096418041651e-03
2.383790226460071396e-03
3.575685339690107094e-03
7.571670535098173893e-02
3.713694247537795839e-02
3.763879304936954950e-03
3.042469104824038761e-02
3.701147983188005954e-03
7.088639357631265625e-03
2.427702151684335910e-02
3.512954017941158098e-03
6.586788783639671054e-03
3.324760052694310242e-03
1.900759048993162434e-02
1.693745687221629923e-02
3.575685339690107094e-03
4.140267235430650228e-03
3.136566087447462386e-03
1.944670974217426688e-03
7.527758609873909899e-03
4.378646258076657888e-02
5.018505739915939644e-03
2.258327582962172970e-03
1.185621981055140842e-02
7.527758609873909899e-03
3.826610626685904380e-03
5.081237061664889074e-03
4.140267235430650228e-03
3.324760052694310242e-03
3.136566087447462386e-03
1.593375572423310835e-02
7.025908035882316195e-03
2.885640800451665534e-03
3.011103443949563960e-03
3.763879304936954689e-02
6.517784329715826941e-02
6.273132174894924772e-03
3.883068816259958866e-02
4.021077724107646745e-02
5.514083181732638839e-02
3.575685339690107094e-03
3.324760052694310242e-03
4.014804591932752235e-03
4.039897120632331834e-02
2.885640800451665534e-03
3.952073270183802806e-03
4.014804591932752235e-03
1.047613073207452443e-02
2.948372122200614964e-03
4.579386487673295369e-03
4.585659619848190399e-02
4.014804591932752235e-03
4.202998557179599658e-03
5.206699705162787933e-03
3.632143529264161841e-02
2.258327582962172970e-03
1.631014365472680666e-02
1.850573991594002890e-02
2.007402295966376118e-03
4.014804591932752235e-03
1.637287497647575349e-02
2.910733329151245219e-02
3.512954017941158358e-02
3.073834765698513390e-03
2.446521548209020826e-03
4.642117809422244799e-03
2.697446835204817678e-03
4.704849131171193362e-03
9.660623549338184443e-03
2.157957468163854142e-02
8.594191079606046738e-03
7.904146540367605611e-03
2.509252869957969822e-03
2.321058904711122400e-03
5.645818957405432208e-03
