1.904501860131745106e-02
2.651967643946892550e-02
4.037680466910133215e-02
4.027441209597597271e-02
4.365336700911293805e-02
1.815761630089764156e-02
3.297040854636677093e-02
6.420014334960237601e-02
3.266323082699068570e-02
1.443735281067613264e-02
7.426874637359637266e-02
5.402914775248301993e-02
2.778251817468172999e-02
8.218710536195775185e-02
6.368818048397556497e-02
6.351752619543328537e-02
3.027407078739888582e-02
7.594115840131061834e-02
1.829413973173145760e-02
3.378954913136967414e-02
3.679306460971364101e-02
3.399433427762039994e-02
1.720195228506092230e-02
2.416464725758558224e-02
3.177582852657086926e-02
