5.313723164511920116e-02
3.166884118135452481e-02
1.823034041039022779e-01
3.463408848297948317e-02
3.487130826710947706e-02
5.550942948641916785e-02
5.693274819119915030e-03
2.099395089550468510e-02
3.048274226070454146e-02
3.925987427351441267e-02
1.779148380974973284e-02
5.562803937848416480e-02
4.127624243861938158e-02
3.356659945439449677e-02
1.215751393666231750e-01
1.553789586051476657e-02
1.636816510496975560e-02
4.281817103546435577e-02
1.233542877475981431e-02
4.056458308622939296e-02
9.607401257264855041e-03
4.495314909263432857e-02
1.743565413355473853e-02
2.348475862886964874e-02
1.850314316213972146e-02
