2.319999999999999840e-02
2.380000000000000171e-02
1.980000000000000093e-01
4.819999999999999979e-02
5.240000000000000213e-02
5.319999999999999729e-02
5.120000000000000245e-02
1.280000000000000061e-02
1.739999999999999880e-02
3.359999999999999792e-02
1.379999999999999977e-02
1.200000000000000025e-02
3.579999999999999849e-02
2.460000000000000034e-02
1.859999999999999987e-01
1.700000000000000122e-02
6.400000000000000307e-03
4.379999999999999866e-02
2.680000000000000090e-02
1.600000000000000033e-02
1.039999999999999952e-02
1.700000000000000122e-02
1.379999999999999977e-02
3.780000000000000027e-02
2.500000000000000139e-02
