5.835606689597912233e-02
3.238050053374451343e-02
1.755426402561973687e-01
3.498991815917447401e-02
3.831099513699442322e-02
5.171391294033922392e-02
1.624955521290475519e-02
2.656861582255960058e-02
1.221681888269481736e-02
2.609417625429960932e-02
1.636816510496975560e-02
5.515359981022417007e-02
4.934171509903925723e-02
3.997153362590440129e-02
1.458901672399478058e-02
1.201518206618431978e-01
2.134978057169967941e-02
4.293678092752935271e-02
2.182422013995967414e-02
1.470762661605977926e-02
3.759933578460443460e-02
5.171391294033922392e-02
1.008184082552484803e-02
1.636816510496975560e-02
1.541928596844976788e-02
