3.570157751156446263e-02
1.565650575257976351e-02
9.892064998220852223e-02
1.897758273039971619e-02
3.487130826710947706e-02
3.155023128928952786e-02
1.897758273039971532e-03
6.404934171509903650e-03
1.885897283833471577e-02
2.431502787332463431e-02
7.709642984224883942e-03
3.036413236863954451e-02
2.123117067963468246e-02
2.087534100343968815e-02
2.301031906060965401e-02
5.100225358794923357e-03
5.930494603249910658e-03
1.328430791127980029e-02
6.879373739769896641e-03
3.048274226070454146e-02
3.914126438144940878e-03
4.424148974024433301e-02
7.116593523899893137e-03
1.174237931443482437e-02
1.091211006997983707e-02
3.949709405764440656e-02
5.930494603249910658e-03
1.304708812714980466e-02
2.063812121930969079e-02
1.055628039378484102e-02
8.065472660419879120e-03
1.280986834301980730e-02
2.680583560668959794e-02
6.938678685802396329e-02
2.538251690190962070e-02
6.096548452140908292e-02
7.709642984224883942e-03
2.134978057169968028e-03
2.502668722571462293e-02
9.607401257264855041e-03
1.553789586051476657e-02
2.834776420353457560e-02
9.488791365199858094e-03
2.016368165104969780e-03
1.162376942236982569e-02
8.302692444549874748e-03
3.570157751156446263e-02
1.067489028584983971e-02
4.744395682599929047e-03
6.049104495314909340e-03
