7.632144798090782258e-03
8.199239148413316886e-03
5.484274946244181714e-02
4.227215803029228669e-02
1.724911982231043528e-02
1.880862928569740702e-02
5.406299473074832607e-02
5.044776824744216792e-02
1.020533541267928390e-01
3.473452895725526179e-02
7.395855485456392757e-03
1.628033364050943815e-02
2.542473003946031651e-02
5.099123366650126082e-02
7.452564920488646827e-02
5.952127785260272891e-02
5.751281869521041729e-02
9.933602703149736757e-02
5.897781243354362907e-02
1.155454738782164814e-02
5.401573686822144782e-02
1.238155998204201226e-02
1.878500035443396790e-02
3.220623331206729639e-02
3.078849743626095939e-02
