1.012904120993478492e-02
4.204245872068822221e-02
9.282641875953934196e-02
8.810878312751491137e-02
4.717635632024421051e-03
2.913833772720965561e-03
7.950603579852920377e-02
8.616622727903426593e-02
4.162619675315665582e-03
2.220063826835021441e-03
8.325239350631331164e-03
6.243929512973498373e-03
3.468849729429721029e-03
4.578881642847231967e-03
4.162619675315665582e-03
1.040654918828916309e-02
3.746357707784098764e-03
7.492715415568197528e-03
1.387539891771888412e-02
1.484667684195920684e-02
2.331067018176772448e-02
4.440127653670042883e-03
2.566948799777993631e-02
5.411405577910364736e-03
8.325239350631331164e-03
3.468849729429721029e-03
1.928680449562925059e-02
5.966421534619120205e-03
2.081309837657832791e-03
2.358817816012210525e-03
4.162619675315665582e-03
3.482725128347440025e-02
3.330095740252532379e-03
4.856389621201609268e-03
1.012904120993478492e-02
5.688913556264742905e-03
3.607603718606910113e-03
1.151658110170667403e-02
1.040654918828916309e-02
1.984182045233800346e-02
1.942555848480643924e-03
8.325239350631331164e-03
4.717635632024421051e-03
1.165533509088386224e-02
9.157763285694463934e-03
2.081309837657832618e-02
3.024836964062716654e-02
5.966421534619120205e-03
2.428194810600804721e-02
2.358817816012210525e-03
5.550159567087553820e-03
8.047731372276952996e-03
5.133897599555987436e-03
2.122936034410989256e-02
5.133897599555987436e-03
2.358817816012210439e-02
1.942555848480643707e-02
6.382683502150686590e-03
3.191341751075343295e-03
5.550159567087553820e-03
3.885111696961287848e-03
1.012904120993478492e-02
6.521437491327875674e-03
4.995143610378798352e-03
5.688913556264742905e-03
1.387539891771888455e-03
7.631469404745386612e-03
1.526293880949077322e-03
4.856389621201609268e-03
4.440127653670042883e-03
7.215207437213820227e-03
8.741501318162897549e-03
2.913833772720965561e-03
3.330095740252532379e-03
5.411405577910364736e-03
