3.510852805123947096e-02
2.075673111137468774e-02
7.164037480725891915e-02
1.589372553670976088e-02
3.570157751156446263e-02
3.178745107341952175e-02
3.439686869884948320e-03
1.067489028584983971e-02
1.980785197485470175e-02
3.000830269244455020e-02
9.251571581069860731e-03
1.114932985410983270e-02
1.802870359387973020e-02
2.099395089550468510e-02
6.404934171509903650e-03
1.696121456529474728e-02
6.760763847704898827e-03
1.530067607638477094e-02
4.412287984817933606e-02
1.447040683192978364e-02
5.811884711184912844e-03
9.607401257264855041e-03
4.269956114339936055e-03
9.963230933459851085e-03
3.392242913058949455e-02
8.184082552484877801e-03
3.143162139722453091e-02
6.049104495314909340e-03
1.411457715573478759e-02
4.981615466729925543e-03
2.336614873680464832e-02
3.582018740362945958e-02
2.229865970821966539e-02
2.431502787332463431e-02
8.302692444549874748e-03
6.748902858498398438e-02
1.328430791127980029e-02
2.550112679397461765e-02
2.609417625429961019e-03
6.879373739769896641e-03
6.642153955639900145e-03
1.043767050171984408e-02
1.316569801921480334e-02
4.258095125133436187e-02
7.235203415964891818e-03
2.751749495907958656e-02
5.420472067370418756e-02
3.558296761949946568e-03
1.091211006997983707e-02
2.728027517494958920e-02
