5.000000000000000104e-03
1.299999999999999940e-02
3.559999999999999970e-02
1.899999999999999953e-02
1.340000000000000045e-02
2.120000000000000009e-02
2.259999999999999856e-02
3.799999999999999992e-03
7.199999999999999803e-03
3.200000000000000153e-03
3.000000000000000062e-03
2.200000000000000133e-03
8.200000000000000691e-03
6.400000000000000307e-03
4.240000000000000019e-02
2.799999999999999972e-03
2.000000000000000042e-03
6.400000000000000307e-03
5.400000000000000286e-03
6.000000000000000125e-03
1.799999999999999951e-03
4.400000000000000265e-03
3.200000000000000153e-03
1.399999999999999986e-03
4.599999999999999922e-03
6.799999999999999621e-03
3.400000000000000244e-02
5.199999999999999761e-03
3.599999999999999901e-03
3.200000000000000153e-03
3.599999999999999901e-03
5.199999999999999761e-03
5.599999999999999943e-03
5.240000000000000213e-02
1.799999999999999864e-02
2.500000000000000139e-02
2.399999999999999790e-03
1.600000000000000077e-03
1.400000000000000029e-02
2.000000000000000042e-03
6.199999999999999782e-03
2.799999999999999972e-03
1.179999999999999973e-02
2.799999999999999972e-03
2.819999999999999937e-02
2.000000000000000042e-03
2.599999999999999881e-03
7.400000000000000328e-03
1.580000000000000154e-02
2.599999999999999881e-03
2.220000000000000098e-02
3.280000000000000276e-02
1.799999999999999951e-03
9.599999999999999159e-03
1.499999999999999944e-02
6.000000000000000125e-03
2.000000000000000042e-03
1.799999999999999951e-03
7.000000000000000146e-03
5.199999999999999761e-03
1.959999999999999937e-02
7.199999999999999803e-03
2.399999999999999790e-03
5.000000000000000104e-03
1.600000000000000033e-02
3.000000000000000062e-03
1.679999999999999896e-02
3.200000000000000153e-03
3.200000000000000153e-03
4.599999999999999922e-03
2.399999999999999790e-03
3.479999999999999760e-02
9.599999999999999159e-03
1.519999999999999997e-02
3.399999999999999811e-03
3.599999999999999901e-03
3.799999999999999992e-03
5.000000000000000104e-03
1.199999999999999895e-03
3.399999999999999811e-03
4.400000000000000265e-03
3.119999999999999857e-02
5.040000000000000036e-02
1.899999999999999953e-02
1.199999999999999895e-03
2.799999999999999972e-03
3.000000000000000062e-03
2.120000000000000009e-02
1.239999999999999956e-02
2.799999999999999972e-03
3.399999999999999811e-03
1.140000000000000041e-02
2.200000000000000133e-03
1.799999999999999951e-03
4.599999999999999922e-03
4.000000000000000083e-03
3.399999999999999811e-03
2.200000000000000133e-03
2.599999999999999881e-03
4.019999999999999962e-02
